Versuchsteilnehmer 1: Dilshod
Versuchsteilnehmer 2: Lucas
Versuch: 
Startzeit: 25.03.2025 13:10:24
Stoppzeit: 25.03.2025 13:11:58
Probennummer: 
Gatespannung: 
Sweeprate: 
Strom: 
Magnetfeld: 
Temperatur: 
Bemerkung: 
Kommentar: 

Zeit/s          	U_AB (V)          	U_mano (V)          	U_sample (V)          	U_field (V)
0,000000000000	0,013492823000	0,372157460000	0,000078212000	0,000003051000
1,000000000000	0,013497040000	0,372106030000	0,000078181000	0,000002760000
2,000000000000	0,013494525000	0,372031950000	0,000078537000	0,000003269000
3,000000000000	0,013497290000	0,371972350000	0,000077867000	0,000023627000
4,000000000000	0,013500119000	0,371916640000	0,000078485000	0,000023772000
5,000000000000	0,013495122000	0,371928880000	0,000078223000	0,000023772000
6,000000000000	0,013499393000	0,371933170000	0,000078453000	0,000024727000
7,000000000000	0,013495609000	0,371922350000	0,000078233000	0,000025339000
8,000000000000	0,013497951000	0,371911330000	0,000078369000	0,000025629000
9,000000000000	0,013498916000	0,371844400000	0,000077951000	0,000025992000
10,000000000000	0,013499902000	0,371823780000	0,000078380000	0,000026356000
11,000000000000	0,013502992000	0,371752970000	0,000078746000	0,000026885000
12,000000000000	0,013498547000	0,371744400000	0,000078945000	0,000027248000
13,000000000000	0,013503545000	0,371680720000	0,000078830000	0,000027507000
14,000000000000	0,013501843000	0,371612350000	0,000078704000	0,000027902000
15,000000000000	0,013507589000	0,371507870000	0,000079144000	0,000028472000
16,000000000000	0,013504011000	0,371410110000	0,000079333000	0,000028773000
17,000000000000	0,013508391000	0,371380720000	0,000079134000	0,000029085000
18,000000000000	0,013506700000	0,371360720000	0,000079081000	0,000029417000
19,000000000000	0,013509247000	0,371310930000	0,000079113000	0,000029832000
20,000000000000	0,013508521000	0,371197660000	0,000079196000	0,000030382000
21,000000000000	0,013511860000	0,371124190000	0,000079437000	0,000030703000
22,000000000000	0,013511502000	0,371075820000	0,000079416000	0,000031098000
23,000000000000	0,013513085000	0,371043580000	0,000079688000	0,000031367000
24,000000000000	0,013512619000	0,370986640000	0,000079406000	0,000031710000
25,000000000000	0,013514896000	0,370949090000	0,000080264000	0,000032467000
26,000000000000	0,013512467000	0,370892970000	0,000080118000	0,000032799000
27,000000000000	0,013517693000	0,370809500000	0,000080181000	0,000033069000
28,000000000000	0,013514267000	0,370701740000	0,000080798000	0,000033671000
29,000000000000	0,013518690000	0,370643780000	0,000080547000	0,000034086000
30,001000000000	0,013515980000	0,370605620000	0,000080327000	0,000034522000
31,000000000000	0,013521411000	0,370539700000	0,000080777000	0,000034688000
32,000000000000	0,013518083000	0,370489090000	0,000081248000	0,000035248000
33,000000000000	0,013522701000	0,370450320000	0,000081489000	0,000035840000
34,000000000000	0,013521357000	0,370419500000	0,000083897000	0,000036037000
35,000000000000	0,013523764000	0,370396850000	0,000101830000	0,000036659000
36,000000000000	0,013524728000	0,370299300000	0,000138963000	0,000036929000
37,000000000000	0,013524783000	0,370173170000	0,000150876000	0,000037116000
38,000000000000	0,013529195000	0,370085210000	0,000159021000	0,000037738000
39,000000000000	0,013527309000	0,370014190000	0,000167961000	0,000037915000
40,000000000000	0,013532556000	0,369937050000	0,000173845000	0,000038475000
41,000000000000	0,013528989000	0,369862150000	0,000174714000	0,000038828000
42,000000000000	0,013533846000	0,369801750000	0,000174850000	0,000039316000
43,001000000000	0,013533802000	0,369708280000	0,000175572000	0,000039876000
44,000000000000	0,013535645000	0,369621540000	0,000175813000	0,000040104000
45,000000000000	0,013538030000	0,369522560000	0,000175698000	0,000040467000
46,000000000000	0,013535667000	0,369468280000	0,000176138000	0,000040768000
47,000000000000	0,013542595000	0,369411340000	0,000176462000	0,000041173000
48,000000000000	0,013539808000	0,369308680000	0,000176755000	0,000041899000
49,000000000000	0,013541510000	0,369197870000	0,000176357000	0,000042138000
50,000000000000	0,013544969000	0,369120520000	0,000176452000	0,000042532000
51,000000000000	0,013541445000	0,369056440000	0,000176368000	0,000042968000
52,000000000000	0,013547636000	0,368986440000	0,000176221000	0,000043176000
53,000000000000	0,013547896000	0,368864810000	0,000176253000	0,000043508000
54,000000000000	0,013547018000	0,368738070000	0,000176033000	0,000043082000
55,000000000000	0,013552753000	0,368680930000	0,000175635000	0,000042927000
56,000000000000	0,013549511000	0,368646030000	0,000176200000	0,000042563000
57,000000000000	0,013551625000	0,368587050000	0,000176085000	0,000042273000
58,000000000000	0,013555203000	0,368505010000	0,000176169000	0,000041816000
59,000000000000	0,013552135000	0,368425010000	0,000176295000	0,000041235000
60,000000000000	0,013555409000	0,368338480000	0,000175918000	0,000040779000
61,000000000000	0,013558954000	0,368256850000	0,000175939000	0,000040353000
62,000000000000	0,013556720000	0,368182360000	0,000175886000	0,000040000000
63,000000000000	0,013560168000	0,368068280000	0,000176075000	0,000039399000
64,000000000000	0,013562271000	0,367973380000	0,000176096000	0,000039191000
65,000000000000	0,013560200000	0,367912360000	0,000175834000	0,000038807000
66,000000000000	0,013562900000	0,367833180000	0,000175939000	0,000038506000
67,000000000000	0,013566304000	0,367761750000	0,000175174000	0,000037998000
68,000000000000	0,013564396000	0,367710520000	0,000175541000	0,000037645000
69,000000000000	0,013565556000	0,367621950000	0,000174421000	0,000037282000
70,000000000000	0,013570315000	0,367542770000	0,000173447000	0,000036670000
71,001000000000	0,013568548000	0,367492970000	0,000170631000	0,000036099000
72,000000000000	0,013568201000	0,367462770000	0,000162130000	0,000036089000
73,000000000000	0,013571486000	0,367401950000	0,000143014000	0,000035601000
74,000000000000	0,013571497000	0,367342160000	0,000142407000	0,000035134000
75,000000000000	0,013569860000	0,367256850000	0,000117565000	0,000034698000
76,000000000000	0,013573979000	0,367216650000	0,000110980000	0,000034304000
77,000000000000	0,013575020000	0,367087460000	0,000098407000	0,000033930000
78,000000000000	0,013574164000	0,367017670000	0,000092178000	0,000033640000
79,000000000000	0,013578760000	0,366953580000	0,000085593000	0,000033308000
80,000000000000	0,013580516000	0,366873580000	0,000079846000	0,000032716000
81,000000000000	0,013579909000	0,366826030000	0,000080086000	0,000032395000
82,000000000000	0,013578684000	0,366739490000	0,000078977000	0,000031959000
83,000000000000	0,013584669000	0,366651130000	0,000079825000	0,000031399000
84,000000000000	0,013585308000	0,366607860000	0,000079521000	0,000031222000
85,000000000000	0,013581687000	0,366567050000	0,000079427000	0,000030724000
86,000000000000	0,013582967000	0,366545620000	0,000079071000	0,000030402000
87,000000000000	0,013586295000	0,366523370000	0,000079688000	0,000029956000
88,000000000000	0,013585471000	0,366531540000	0,000079092000	0,000029541000
89,000000000000	0,013583986000	0,366502960000	0,000078841000	0,000028877000
90,000000000000	0,013586056000	0,366413990000	0,000078882000	0,000028804000
91,000000000000	0,013590024000	0,366365820000	0,000078861000	0,000028462000
92,000000000000	0,013589742000	0,366337660000	0,000079866000	0,000027839000
93,000000000000	0,013585666000	0,366249700000	0,000078108000	0,000027539000
94,000000000000	0,013587173000	0,366140920000	0,000078882000	0,000027300000
