Versuchsteilnehmer 1: Dilshod
Versuchsteilnehmer 2: Lucas
Versuch: 
Startzeit: 25.03.2025 12:36:38
Stoppzeit: 25.03.2025 12:40:15
Probennummer: 
Gatespannung: 
Sweeprate: 
Strom: 
Magnetfeld: 
Temperatur: 
Bemerkung: 
Kommentar: 

Zeit/s          	U_AB (V)          	U_mano (V)          	U_sample (V)          	U_field (V)
0,000000000000	0,011288161000	0,564913200000	0,000081322000	0,000002719000
1,000000000000	0,011287846000	0,564873400000	0,000080840000	0,000002812000
2,000000000000	0,011287944000	0,564809530000	0,000080987000	0,000002864000
3,000000000000	0,011287901000	0,564750750000	0,000080767000	0,000003403000
4,000000000000	0,011289570000	0,564705240000	0,000080599000	0,000003362000
5,000000000000	0,011289299000	0,564659120000	0,000080934000	0,000003611000
6,000000000000	0,011289679000	0,564581570000	0,000080767000	0,000004119000
7,000000000000	0,011289982000	0,564495040000	0,000081091000	0,000004389000
8,000000000000	0,011290763000	0,564410550000	0,000082400000	0,000004835000
9,000000000000	0,011291522000	0,564331770000	0,000084776000	0,000005416000
10,000000000000	0,011292974000	0,564204020000	0,000093141000	0,000005717000
11,000000000000	0,011294243000	0,564109120000	0,000110917000	0,000006091000
12,000000000000	0,011294752000	0,564029320000	0,000132357000	0,000006599000
13,000000000000	0,011295479000	0,563950750000	0,000152541000	0,000007035000
14,000000000000	0,011296736000	0,563841980000	0,000165428000	0,000007492000
15,000000000000	0,011296357000	0,563729730000	0,000172128000	0,000007678000
16,001000000000	0,011297744000	0,563621370000	0,000175677000	0,000007927000
17,000000000000	0,011298796000	0,563521770000	0,000177289000	0,000007824000
18,000000000000	0,011299295000	0,563392790000	0,000177813000	0,000008975000
19,000000000000	0,011300606000	0,563243200000	0,000177635000	0,000009536000
20,000000000000	0,011301419000	0,563124630000	0,000177697000	0,000009785000
21,000000000000	0,011302915000	0,563025650000	0,000178168000	0,000010189000
22,000000000000	0,011303631000	0,562896270000	0,000178336000	0,000010418000
23,000000000000	0,011303826000	0,562754220000	0,000177676000	0,000011009000
24,000000000000	0,011304943000	0,562627290000	0,000177760000	0,000011424000
25,000000000000	0,011306255000	0,562519530000	0,000177122000	0,000011819000
26,000000000000	0,011307198000	0,562398100000	0,000177394000	0,000012036000
27,000000000000	0,011309052000	0,562239940000	0,000178043000	0,000012545000
28,001000000000	0,011308986000	0,562091780000	0,000178022000	0,000013022000
29,000000000000	0,011310623000	0,561967290000	0,000178011000	0,000013458000
30,000000000000	0,011311664000	0,561837700000	0,000178022000	0,000014008000
31,000000000000	0,011312098000	0,561718100000	0,000177750000	0,000014039000
32,000000000000	0,011313366000	0,561609740000	0,000177833000	0,000014579000
33,000000000000	0,011313149000	0,561522590000	0,000177980000	0,000015087000
34,000000000000	0,011315079000	0,561403410000	0,000178043000	0,000015326000
35,000000000000	0,011315578000	0,561279740000	0,000177970000	0,000015658000
36,000000000000	0,011315957000	0,561160350000	0,000177394000	0,000016125000
37,000000000000	0,011317963000	0,561038310000	0,000177101000	0,000016581000
38,000000000000	0,011319210000	0,560888100000	0,000177970000	0,000016924000
39,000000000000	0,011319491000	0,560751780000	0,000177917000	0,000017474000
40,000000000000	0,011320933000	0,560605450000	0,000177687000	0,000017920000
41,000000000000	0,011322885000	0,560484640000	0,000177833000	0,000018107000
42,000000000000	0,011323687000	0,560370350000	0,000177928000	0,000018605000
43,000000000000	0,011324446000	0,560230550000	0,000178158000	0,000019165000
44,000000000000	0,011325487000	0,560050760000	0,000178210000	0,000019704000
45,000000000000	0,011327893000	0,559915250000	0,000177928000	0,000020005000
46,000000000000	0,011328977000	0,559789130000	0,000177540000	0,000020400000
47,000000000000	0,011329444000	0,559651980000	0,000178064000	0,000020763000
48,000000000000	0,011330669000	0,559507490000	0,000178483000	0,000020991000
49,000000000000	0,011331894000	0,559371580000	0,000177802000	0,000021489000
50,000000000000	0,011333064000	0,559263010000	0,000177143000	0,000021946000
51,000000000000	0,011334062000	0,559130960000	0,000177823000	0,000022330000
52,000000000000	0,011335482000	0,558996880000	0,000178210000	0,000022599000
53,000000000000	0,011336750000	0,558861370000	0,000177886000	0,000023170000
54,000000000000	0,011337639000	0,558745050000	0,000178011000	0,000023533000
55,000000000000	0,011338322000	0,558655250000	0,000177938000	0,000024208000
56,000000000000	0,011339396000	0,558553210000	0,000177938000	0,000024156000
57,000000000000	0,011339959000	0,558455050000	0,000178263000	0,000024187000
58,000000000000	0,011341054000	0,558362800000	0,000178137000	0,000025007000
59,000000000000	0,011341781000	0,558270350000	0,000177833000	0,000025505000
60,000000000000	0,011342084000	0,558180350000	0,000178179000	0,000025754000
61,000000000000	0,011342442000	0,558081780000	0,000178221000	0,000026086000
62,000000000000	0,011343971000	0,558022800000	0,000178231000	0,000026574000
63,000000000000	0,011344567000	0,557955860000	0,000178367000	0,000026978000
64,000000000000	0,011345412000	0,557861780000	0,000178263000	0,000027518000
65,000000000000	0,011345965000	0,557777290000	0,000177739000	0,000027995000
66,000000000000	0,011346789000	0,557960760000	0,000178315000	0,000028327000
67,000000000000	0,011346778000	0,557656890000	0,000178158000	0,000028597000
68,000000000000	0,011348676000	0,557566070000	0,000178148000	0,000028555000
69,000000000000	0,011348730000	0,557457290000	0,000177844000	0,000029759000
70,001000000000	0,011350638000	0,557384030000	0,000178148000	0,000029811000
71,000000000000	0,011351212000	0,557313210000	0,000178179000	0,000030299000
72,001000000000	0,011351408000	0,557253420000	0,000178388000	0,000030527000
73,000000000000	0,011352307000	0,557177290000	0,000178367000	0,000031419000
74,000000000000	0,011351754000	0,557137290000	0,000177865000	0,000031502000
75,000000000000	0,011352763000	0,557053010000	0,000178273000	0,000032000000
76,000000000000	0,011353977000	0,557226680000	0,000178933000	0,000032592000
77,000000000000	0,011354313000	0,556929340000	0,000177718000	0,000032830000
78,000000000000	0,011354909000	0,556871170000	0,000177792000	0,000033152000
79,000000000000	0,011355028000	0,556823620000	0,000178284000	0,000033546000
80,000000000000	0,011355950000	0,556789540000	0,000177949000	0,000034200000
81,001000000000	0,011356004000	0,556689130000	0,000178200000	0,000034387000
82,000000000000	0,011356416000	0,556652800000	0,000178346000	0,000035072000
83,000000000000	0,011357858000	0,556604850000	0,000178284000	0,000035217000
84,000000000000	0,011357251000	0,556563010000	0,000178430000	0,000035663000
85,000000000000	0,011358248000	0,556501170000	0,000178744000	0,000036016000
86,000000000000	0,011358790000	0,556474850000	0,000178660000	0,000036244000
87,000000000000	0,011358552000	0,556461170000	0,000178231000	0,000036722000
88,000000000000	0,011358498000	0,556416270000	0,000178221000	0,000037220000
89,000000000000	0,011359300000	0,556330970000	0,000178116000	0,000037427000
90,000000000000	0,011359994000	0,556274440000	0,000178640000	0,000037666000
91,000000000000	0,011361045000	0,556217090000	0,000178723000	0,000038361000
92,000000000000	0,011360980000	0,556156480000	0,000178503000	0,000038569000
93,000000000000	0,011361566000	0,556067090000	0,000178053000	0,000039139000
94,000000000000	0,011362563000	0,555998520000	0,000178713000	0,000039585000
95,000000000000	0,011363289000	0,555949740000	0,000178797000	0,000039866000
96,000000000000	0,011363994000	0,555906890000	0,000178587000	0,000040312000
97,000000000000	0,011363831000	0,555849130000	0,000178619000	0,000040581000
98,000000000000	0,011364211000	0,555793010000	0,000178545000	0,000041173000
99,000000000000	0,011364503000	0,555739920000	0,000178011000	0,000041640000
100,000000000000	0,011365392000	0,555698290000	0,000178346000	0,000042034000
101,000000000000	0,011365663000	0,555651350000	0,000177886000	0,000042335000
102,000000000000	0,011365750000	0,555591960000	0,000178818000	0,000042833000
103,000000000000	0,011365989000	0,555551550000	0,000179037000	0,000043051000
104,000000000000	0,011366477000	0,555480940000	0,000178765000	0,000043632000
105,000000000000	0,011367311000	0,555435020000	0,000178336000	0,000043165000
106,000000000000	0,011368450000	0,555390940000	0,000178755000	0,000042740000
107,000000000000	0,011367658000	0,555369100000	0,000178524000	0,000042418000
108,000000000000	0,011368168000	0,555308490000	0,000178242000	0,000041796000
109,000000000000	0,011368927000	0,555234000000	0,000178702000	0,000041505000
110,000000000000	0,011370423000	0,555157270000	0,000177854000	0,000040882000
111,000000000000	0,011370119000	0,555121550000	0,000178723000	0,000040965000
112,000000000000	0,011371030000	0,555087880000	0,000178514000	0,000040291000
113,000000000000	0,011371604000	0,555043390000	0,000178545000	0,000039897000
114,000000000000	0,011371496000	0,554981140000	0,000178210000	0,000039523000
115,000000000000	0,011371496000	0,554918290000	0,000178242000	0,000039087000
116,000000000000	0,011372829000	0,554857270000	0,000178273000	0,000039004000
117,000000000000	0,011372949000	0,554834610000	0,000178912000	0,000038496000
118,000000000000	0,011373708000	0,554776040000	0,000178629000	0,000037842000
119,000000000000	0,011373599000	0,554734210000	0,000177970000	0,000037012000
120,000000000000	0,011373805000	0,554687470000	0,000178273000	0,000036888000
121,001000000000	0,011374044000	0,554607880000	0,000178315000	0,000036815000
122,000000000000	0,011374358000	0,554548080000	0,000178692000	0,000036556000
123,000000000000	0,011375312000	0,554483590000	0,000178315000	0,000035871000
124,000000000000	0,011375756000	0,554417270000	0,000178273000	0,000035684000
125,000000000000	0,011376689000	0,554335640000	0,000178346000	0,000035196000
126,000000000000	0,011377979000	0,554256660000	0,000177823000	0,000034729000
127,000000000000	0,011378217000	0,554183390000	0,000178922000	0,000034397000
128,000000000000	0,011379096000	0,554139310000	0,000177959000	0,000033930000
129,000000000000	0,011379941000	0,554076250000	0,000179006000	0,000033536000
130,000000000000	0,011379041000	0,553982980000	0,000177844000	0,000033069000
131,000000000000	0,011380895000	0,553905020000	0,000178158000	0,000032727000
132,000000000000	0,011380765000	0,553827270000	0,000177666000	0,000032384000
133,000000000000	0,011381947000	0,553750940000	0,000178179000	0,000031782000
134,000000000000	0,011382554000	0,553666250000	0,000177949000	0,000031544000
135,000000000000	0,011383454000	0,553547880000	0,000178734000	0,000031409000
136,000000000000	0,011383736000	0,553628900000	0,000177488000	0,000030589000
137,000000000000	0,011384462000	0,553501960000	0,000178451000	0,000030143000
138,000000000000	0,011384679000	0,553340330000	0,000178158000	0,000030018000
139,000000000000	0,011384549000	0,553245230000	0,000177970000	0,000029552000
140,000000000000	0,011385730000	0,553163190000	0,000177928000	0,000029240000
141,000000000000	0,011386175000	0,553104410000	0,000178022000	0,000028690000
142,000000000000	0,011387617000	0,553024620000	0,000177624000	0,000028078000
143,000000000000	0,011387497000	0,552928490000	0,000177750000	0,000028057000
144,000000000000	0,011389297000	0,552870540000	0,000178043000	0,000027196000
145,000000000000	0,011389243000	0,552805840000	0,000178430000	0,000026989000
146,000000000000	0,011390598000	0,552738700000	0,000177865000	0,000026584000
147,000000000000	0,011391086000	0,552670540000	0,000177561000	0,000025982000
148,000000000000	0,011391324000	0,552634210000	0,000177886000	0,000025899000
149,000000000000	0,011391487000	0,552575840000	0,000177551000	0,000025318000
150,000000000000	0,011392452000	0,552483190000	0,000178074000	0,000024291000
151,000000000000	0,011392202000	0,552401960000	0,000177373000	0,000025225000
152,000000000000	0,011393102000	0,552311960000	0,000178127000	0,000024208000
153,000000000000	0,011393894000	0,552256660000	0,000177980000	0,000023845000
154,000000000000	0,011394663000	0,552176050000	0,000178053000	0,000023035000
155,000000000000	0,011395249000	0,552082780000	0,000177823000	0,000023191000
156,000000000000	0,011395639000	0,552009720000	0,000177718000	0,000022641000
157,000000000000	0,011395390000	0,551940950000	0,000178430000	0,000022392000
158,000000000000	0,011396951000	0,551858290000	0,000177582000	0,000021915000
159,000000000000	0,011397460000	0,551770330000	0,000177362000	0,000021385000
160,000000000000	0,011398859000	0,551712170000	0,000177498000	0,000020991000
161,000000000000	0,011399238000	0,551668900000	0,000178053000	0,000020358000
162,000000000000	0,011399585000	0,551616660000	0,000177572000	0,000020203000
163,000000000000	0,011399965000	0,551553600000	0,000178043000	0,000019767000
164,000000000000	0,011400528000	0,551453800000	0,000178378000	0,000019476000
165,000000000000	0,011401428000	0,551397270000	0,000177614000	0,000018947000
166,000000000000	0,011402523000	0,551336050000	0,000178168000	0,000018459000
167,000000000000	0,011402534000	0,551241760000	0,000177551000	0,000018428000
168,000000000000	0,011403455000	0,551180950000	0,000177153000	0,000017764000
169,000000000000	0,011403564000	0,551151560000	0,000177854000	0,000017380000
170,000000000000	0,011403943000	0,551100540000	0,000177289000	0,000016955000
171,000000000000	0,011403878000	0,551033800000	0,000177729000	0,000016332000
172,000000000000	0,011404941000	0,550984620000	0,000177582000	0,000016042000
173,000000000000	0,011405060000	0,550930740000	0,000177928000	0,000015647000
174,000000000000	0,011405179000	0,550861350000	0,000177959000	0,000015461000
175,000000000000	0,011406686000	0,550784620000	0,000177530000	0,000014921000
176,000000000000	0,011407022000	0,550717070000	0,000177729000	0,000014454000
177,000000000000	0,011407640000	0,550655840000	0,000177666000	0,000013883000
178,000000000000	0,011408236000	0,550608910000	0,000177436000	0,000013458000
179,000000000000	0,011408301000	0,550532780000	0,000177844000	0,000012981000
180,000000000000	0,011409310000	0,550450740000	0,000177907000	0,000012815000
181,000000000000	0,011409917000	0,550394010000	0,000177896000	0,000012680000
182,000000000000	0,011410632000	0,550354420000	0,000177373000	0,000012130000
183,000000000000	0,011410849000	0,550267070000	0,000177457000	0,000011538000
184,000000000000	0,011412009000	0,550172170000	0,000177970000	0,000011393000
185,000000000000	0,011412551000	0,550102380000	0,000177404000	0,000011341000
186,000000000000	0,011413039000	0,550060540000	0,000177792000	0,000010428000
187,000000000000	0,011414036000	0,549986460000	0,000177729000	0,000009899000
188,001000000000	0,011414676000	0,549882780000	0,000177907000	0,000009629000
189,000000000000	0,011415738000	0,549863600000	0,000177467000	0,000009411000
190,000000000000	0,011416204000	0,549793400000	0,000175572000	0,000008996000
191,000000000000	0,011416161000	0,549733810000	0,000144940000	0,000008612000
192,000000000000	0,011417375000	0,549664010000	0,000103118000	0,000008187000
193,000000000000	0,011416931000	0,549620130000	0,000085007000	0,000007616000
194,000000000000	0,011417635000	0,549557280000	0,000082232000	0,000007211000
195,000000000000	0,011418308000	0,549524010000	0,000081636000	0,000006641000
196,000000000000	0,011418297000	0,549459110000	0,000080903000	0,000006682000
197,000000000000	0,011418611000	0,549393190000	0,000080306000	0,000005914000
198,000000000000	0,011418980000	0,549389320000	0,000079364000	0,000005427000
199,000000000000	0,011419804000	0,549363400000	0,000079741000	0,000004794000
200,000000000000	0,011420183000	0,549310950000	0,000079657000	0,000004887000
201,000000000000	0,011420367000	0,549261770000	0,000079312000	0,000004296000
202,000000000000	0,011420129000	0,549266870000	0,000079249000	0,000003901000
203,000000000000	0,011420823000	0,549254010000	0,000079186000	0,000003320000
204,000000000000	0,011420628000	0,549248910000	0,000079678000	0,000003092000
205,000000000000	0,011420573000	0,549266460000	0,000079657000	0,000003663000
206,000000000000	0,011420107000	0,549293600000	0,000079636000	0,000003974000
207,000000000000	0,011420628000	0,549272380000	0,000080086000	0,000004638000
208,000000000000	0,011421202000	0,549231770000	0,000079469000	0,000004783000
209,000000000000	0,011421679000	0,549215850000	0,000080097000	0,000005333000
210,000000000000	0,011420964000	0,549218910000	0,000079437000	0,000005562000
211,000000000000	0,011421582000	0,549193400000	0,000079856000	0,000006008000
212,000000000000	0,011421365000	0,549179110000	0,000079825000	0,000006340000
213,000000000000	0,011423045000	0,549117680000	0,000080181000	0,000006921000
214,000000000000	0,011423273000	0,549074620000	0,000081562000	0,000007398000
215,000000000000	0,011422872000	0,549074420000	0,000083185000	0,000007575000
216,000000000000	0,011423631000	0,549078500000	0,000094094000	0,000008073000
217,000000000000	0,011423338000	0,549061770000	0,000115827000	0,000008363000
