Versuchsteilnehmer 1: Dilshod
Versuchsteilnehmer 2: Lucas
Versuch: 
Startzeit: 25.03.2025 15:21:18
Stoppzeit: 25.03.2025 15:36:36
Probennummer: 
Gatespannung: 
Sweeprate: 
Strom: 
Magnetfeld: 
Temperatur: 
Bemerkung: 
Kommentar: 

Zeit/s          	U_AB (V)          	U_mano (V)          	U_sample (V)          	U_field (V)
0,000000000000	0,011195947000	0,575567500000	0,000130692000	0,000002677000
1,000000000000	0,011196933000	0,575248930000	0,000131457000	0,000002563000
2,000000000000	0,011198841000	0,574712810000	0,000131834000	0,000002397000
3,000000000000	0,011202950000	0,574056070000	0,000129844000	0,000002625000
4,000000000000	0,011208176000	0,573306280000	0,000127698000	0,000002521000
5,000000000000	0,011214496000	0,572514440000	0,000121794000	0,000002594000
6,000000000000	0,011219168000	0,572113220000	0,000114026000	0,000002532000
7,000000000000	0,011222497000	0,571979140000	0,000111095000	0,000002615000
8,000000000000	0,011225944000	0,571507100000	0,000109933000	0,000002490000
9,000000000000	0,011230270000	0,570912410000	0,000108708000	0,000002687000
10,000000000000	0,011233446000	0,570306280000	0,000106593000	0,000002584000
11,000000000000	0,011236005000	0,569746690000	0,000104238000	0,000002708000
12,000000000000	0,011240102000	0,569255270000	0,000100417000	0,000002625000
13,000000000000	0,011242986000	0,568781180000	0,000098197000	0,000002480000
14,000000000000	0,011245577000	0,568393840000	0,000096344000	0,000002532000
15,000000000000	0,011248114000	0,568001190000	0,000094544000	0,000002636000
16,000000000000	0,011249307000	0,568139760000	0,000092419000	0,000002428000
17,000000000000	0,011250781000	0,568021590000	0,000090911000	0,000002698000
18,000000000000	0,011253068000	0,567804860000	0,000090272000	0,000002656000
19,000000000000	0,011254499000	0,567490570000	0,000089194000	0,000002636000
20,000000000000	0,011257903000	0,567126290000	0,000088084000	0,000002563000
21,000000000000	0,011261806000	0,566658530000	0,000087205000	0,000002532000
22,000000000000	0,011265080000	0,566161970000	0,000086158000	0,000002438000
23,000000000000	0,011269341000	0,565645040000	0,000085404000	0,000002615000
24,000000000000	0,011272636000	0,565199940000	0,000084766000	0,000002542000
25,000000000000	0,011276854000	0,564749530000	0,000084190000	0,000002667000
26,000000000000	0,011278762000	0,564321360000	0,000083813000	0,000002677000
27,000000000000	0,011283011000	0,563894020000	0,000083237000	0,000002573000
28,000000000000	0,011286220000	0,563498920000	0,000082400000	0,000002594000
29,000000000000	0,011289104000	0,563105240000	0,000082327000	0,000002604000
30,000000000000	0,011293430000	0,562722180000	0,000081981000	0,000002553000
31,000000000000	0,011296725000	0,562340350000	0,000082295000	0,000002511000
32,000000000000	0,011299316000	0,561935250000	0,000081761000	0,000002532000
33,000000000000	0,011302764000	0,561563610000	0,000081573000	0,000002698000
34,000000000000	0,011305984000	0,561163410000	0,000081070000	0,000002584000
35,000000000000	0,011309062000	0,560767290000	0,000081175000	0,000002667000
36,000000000000	0,011312521000	0,560352190000	0,000081028000	0,000002553000
37,000000000000	0,011315784000	0,559969130000	0,000081343000	0,000002615000
38,000000000000	0,011319101000	0,559520350000	0,000080955000	0,000002542000
39,000000000000	0,011323047000	0,558976680000	0,000080631000	0,000002636000
40,000000000000	0,011328240000	0,558485050000	0,000079971000	0,000002542000
41,000000000000	0,011331861000	0,558001580000	0,000080631000	0,000002656000
42,000000000000	0,011336534000	0,557519950000	0,000080243000	0,000002625000
43,000000000000	0,011339959000	0,557013820000	0,000079762000	0,000002490000
44,000000000000	0,011342084000	0,556553830000	0,000080411000	0,000002698000
45,000000000000	0,011345098000	0,556110560000	0,000080578000	0,000002615000
46,000000000000	0,011349033000	0,555664000000	0,000079636000	0,000002584000
47,000000000000	0,011353229000	0,555194610000	0,000080296000	0,000002864000
48,000000000000	0,011356926000	0,554716250000	0,000080547000	0,000002376000
49,000000000000	0,011361587000	0,554249310000	0,000079762000	0,000002853000
50,000000000000	0,011364905000	0,553774410000	0,000079479000	0,000002438000
51,000000000000	0,011369480000	0,553306450000	0,000080557000	0,000002687000
52,000000000000	0,011373469000	0,552863800000	0,000079971000	0,000002802000
53,000000000000	0,011375973000	0,552441150000	0,000079929000	0,000002480000
54,000000000000	0,011380819000	0,551996250000	0,000080212000	0,000002573000
55,000000000000	0,011385470000	0,551504010000	0,000080034000	0,000002532000
56,000000000000	0,011389351000	0,551017890000	0,000079657000	0,000002750000
57,000000000000	0,011393839000	0,550557680000	0,000079982000	0,000002636000
58,000000000000	0,011398230000	0,550088090000	0,000079846000	0,000002656000
59,000000000000	0,011402263000	0,549598910000	0,000079479000	0,000002656000
60,000000000000	0,011406675000	0,549123190000	0,000079940000	0,000002812000
61,000000000000	0,011410654000	0,548651770000	0,000080191000	0,000002667000
62,000000000000	0,011414361000	0,548210130000	0,000079877000	0,000002532000
63,000000000000	0,011419023000	0,547737280000	0,000079584000	0,000002501000
64,000000000000	0,011423381000	0,547279930000	0,000079741000	0,000002781000
65,000000000000	0,011427111000	0,546852790000	0,000080065000	0,000002501000
66,000000000000	0,011430515000	0,546829520000	0,000080557000	0,000002542000
67,000000000000	0,011430905000	0,546917690000	0,000080191000	0,000002573000
68,000000000000	0,011430439000	0,546918100000	0,000079343000	0,000002708000
69,000000000000	0,011430916000	0,547351560000	0,000080296000	0,000002521000
70,000000000000	0,011428899000	0,547865030000	0,000080118000	0,000002625000
71,000000000000	0,011426493000	0,548444220000	0,000079772000	0,000002698000
72,000000000000	0,011422200000	0,549219110000	0,000079542000	0,000002594000
73,000000000000	0,011416074000	0,550168090000	0,000080013000	0,000002604000
74,000000000000	0,011410296000	0,551330950000	0,000079657000	0,000002252000
75,000000000000	0,011402176000	0,552678290000	0,000079762000	0,000002947000
76,000000000000	0,011392398000	0,554126040000	0,000079846000	0,000002770000
77,000000000000	0,011382977000	0,555194210000	0,000079678000	0,000002521000
78,000000000000	0,011375074000	0,556060560000	0,000079783000	0,000002459000
79,000000000000	0,011367853000	0,556515250000	0,000080652000	0,000002677000
80,000000000000	0,011366487000	0,556561580000	0,000079814000	0,000002501000
81,000000000000	0,011365197000	0,556370150000	0,000079866000	0,000002324000
82,000000000000	0,011367940000	0,556014640000	0,000079479000	0,000002625000
83,000000000000	0,011370650000	0,555487060000	0,000079825000	0,000002698000
84,000000000000	0,011374369000	0,554804820000	0,000079720000	0,000002438000
85,000000000000	0,011378586000	0,553989920000	0,000080034000	0,000002687000
86,000000000000	0,011384559000	0,553062170000	0,000079427000	0,000002812000
87,000000000000	0,011390977000	0,552216660000	0,000079291000	0,000002729000
88,000000000000	0,011396311000	0,551323400000	0,000080065000	0,000002656000
89,000000000000	0,011401092000	0,550654420000	0,000080264000	0,000002677000
90,000000000000	0,011405559000	0,550130950000	0,000079856000	0,000002729000
91,000000000000	0,011408453000	0,549867890000	0,000079615000	0,000002656000
92,000000000000	0,011408746000	0,549751970000	0,000080254000	0,000002791000
93,000000000000	0,011410307000	0,549724420000	0,000079500000	0,000002418000
94,000000000000	0,011411738000	0,549677480000	0,000079992000	0,000002729000
95,000000000000	0,011412378000	0,549727480000	0,000080243000	0,000002563000
96,000000000000	0,011412096000	0,549869110000	0,000079668000	0,000002573000
97,000000000000	0,011410654000	0,550124620000	0,000080003000	0,000002656000
98,000000000000	0,011409624000	0,550423190000	0,000079908000	0,000002791000
99,000000000000	0,011407564000	0,550704010000	0,000079615000	0,000002750000
100,000000000000	0,011405981000	0,550995230000	0,000079039000	0,000002687000
101,000000000000	0,011404420000	0,551295840000	0,000079668000	0,000002646000
102,000000000000	0,011402946000	0,551618900000	0,000080903000	0,000002563000
103,000000000000	0,011399954000	0,551919720000	0,000079751000	0,000002615000
104,000000000000	0,011399271000	0,552164820000	0,000079395000	0,000002802000
105,000000000000	0,011396756000	0,552312170000	0,000079688000	0,000002511000
106,000000000000	0,011395129000	0,552424210000	0,000079835000	0,000002636000
107,000000000000	0,011395119000	0,552519310000	0,000079720000	0,000002117000
108,000000000000	0,011394999000	0,552557270000	0,000079552000	0,000002459000
109,000000000000	0,011394793000	0,552440940000	0,000079804000	0,000002802000
110,000000000000	0,011394349000	0,552311560000	0,000079542000	0,000002625000
111,000000000000	0,011395574000	0,552170740000	0,000079887000	0,000002885000
112,000000000000	0,011397363000	0,551933190000	0,000080086000	0,000002625000
113,000000000000	0,011398143000	0,551695640000	0,000079364000	0,000002708000
114,000000000000	0,011399628000	0,551498500000	0,000079887000	0,000002719000
115,000000000000	0,011402046000	0,551246860000	0,000079395000	0,000002428000
116,000000000000	0,011402848000	0,550999310000	0,000079940000	0,000002802000
117,000000000000	0,011404659000	0,550748290000	0,000079762000	0,000002376000
118,000000000000	0,011406426000	0,550486660000	0,000079866000	0,000002646000
119,000000000000	0,011408366000	0,550245440000	0,000080181000	0,000002521000
120,000000000000	0,011409028000	0,550012580000	0,000079584000	0,000002739000
121,000000000000	0,011411304000	0,549741970000	0,000080097000	0,000002252000
122,000000000000	0,011413863000	0,549500540000	0,000079678000	0,000002677000
123,000000000000	0,011415998000	0,549266870000	0,000079772000	0,000002729000
124,000000000000	0,011417462000	0,548981560000	0,000079657000	0,000002573000
125,000000000000	0,011419706000	0,548751150000	0,000079490000	0,000002729000
126,000000000000	0,011421343000	0,548433810000	0,000080338000	0,000002532000
127,000000000000	0,011422991000	0,548176460000	0,000080013000	0,000002490000
128,000000000000	0,011425853000	0,547888710000	0,000079783000	0,000002459000
129,000000000000	0,011428140000	0,547602580000	0,000080065000	0,000002542000
130,000000000000	0,011430905000	0,547279730000	0,000080170000	0,000002521000
131,000000000000	0,011433528000	0,546971160000	0,000079521000	0,000002521000
132,000000000000	0,011435339000	0,546686460000	0,000079500000	0,000002563000
133,000000000000	0,011437323000	0,546362380000	0,000079416000	0,000002521000
134,000000000000	0,011440055000	0,546074220000	0,000079772000	0,000002656000
135,000000000000	0,011442592000	0,545774220000	0,000079259000	0,000002563000
136,000000000000	0,011445508000	0,545508710000	0,000080181000	0,000002314000
137,000000000000	0,011447687000	0,545256830000	0,000079678000	0,000002438000
138,000000000000	0,011449909000	0,544985810000	0,000079500000	0,000002480000
139,000000000000	0,011452023000	0,544814790000	0,000079594000	0,000002708000
140,000000000000	0,011453140000	0,544824180000	0,000079772000	0,000002656000
141,000000000000	0,011453888000	0,544774390000	0,000079898000	0,000002501000
142,000000000000	0,011454929000	0,544725810000	0,000079238000	0,000002667000
143,000000000000	0,011456165000	0,544745610000	0,000079668000	0,000002615000
144,000000000000	0,011455601000	0,544840710000	0,000079542000	0,000002646000
145,000000000000	0,011456110000	0,544940920000	0,000079657000	0,000002687000
146,000000000000	0,011455861000	0,545058870000	0,000080191000	0,000002864000
147,000000000000	0,011454354000	0,545141940000	0,000079594000	0,000002221000
148,000000000000	0,011454018000	0,545295440000	0,000079469000	0,000002521000
149,000000000000	0,011453476000	0,545448710000	0,000079657000	0,000002501000
150,000000000000	0,011454018000	0,545524830000	0,000079312000	0,000002646000
151,000000000000	0,011452273000	0,545608300000	0,000079291000	0,000002573000
152,000000000000	0,011450386000	0,545736670000	0,000079542000	0,000002760000
153,000000000000	0,011451058000	0,545856260000	0,000080222000	0,000002729000
154,000000000000	0,011449866000	0,545985850000	0,000078872000	0,000002750000
155,000000000000	0,011449400000	0,546110750000	0,000079877000	0,000002511000
156,000000000000	0,011448186000	0,546206670000	0,000079950000	0,000002376000
157,000000000000	0,011447221000	0,546254220000	0,000079688000	0,000002739000
158,000000000000	0,011447123000	0,546225650000	0,000079846000	0,000002573000
159,000000000000	0,011447915000	0,546201160000	0,000079605000	0,000002293000
160,000000000000	0,011447253000	0,546209730000	0,000079825000	0,000002532000
161,000000000000	0,011447340000	0,546191570000	0,000079814000	0,000002563000
162,000000000000	0,011448066000	0,546173610000	0,000079479000	0,000002708000
163,000000000000	0,011447503000	0,546109120000	0,000079846000	0,000002594000
164,000000000000	0,011448392000	0,545988910000	0,000079762000	0,000002615000
165,000000000000	0,011448608000	0,545859120000	0,000080317000	0,000002304000
166,000000000000	0,011449942000	0,545775850000	0,000079751000	0,000002936000
167,000000000000	0,011450917000	0,545623000000	0,000079521000	0,000002283000
168,000000000000	0,011452750000	0,545482590000	0,000079783000	0,000002542000
169,000000000000	0,011452468000	0,545376470000	0,000079060000	0,000002418000
170,000000000000	0,011453563000	0,545305850000	0,000079615000	0,000002656000
171,000000000000	0,011454636000	0,545112340000	0,000079762000	0,000002604000
172,000000000000	0,011456143000	0,544955610000	0,000079385000	0,000002563000
173,000000000000	0,011457693000	0,544863160000	0,000079908000	0,000002802000
174,000000000000	0,011458766000	0,544739900000	0,000079961000	0,000002563000
175,000000000000	0,011459937000	0,544590710000	0,000079866000	0,000002418000
176,000000000000	0,011460241000	0,544470510000	0,000079950000	0,000002563000
177,000000000000	0,011461574000	0,544362960000	0,000079783000	0,000002490000
178,000000000000	0,011461650000	0,544221730000	0,000079490000	0,000002573000
179,000000000000	0,011463677000	0,544038060000	0,000079657000	0,000002760000
180,000000000000	0,011465379000	0,543905810000	0,000079186000	0,000002594000
181,000000000000	0,011466203000	0,543770100000	0,000079678000	0,000002698000
182,000000000000	0,011467634000	0,543726630000	0,000079709000	0,000002459000
183,000000000000	0,011466941000	0,543710100000	0,000079291000	0,000002376000
184,000000000000	0,011468025000	0,543701330000	0,000079668000	0,000002615000
185,000000000000	0,011466995000	0,543804180000	0,000080181000	0,000002553000
186,000000000000	0,011466409000	0,543920100000	0,000079605000	0,000002770000
187,000000000000	0,011466399000	0,543996220000	0,000079039000	0,000002563000
188,000000000000	0,011466789000	0,544077040000	0,000079469000	0,000002532000
189,000000000000	0,011465650000	0,544222960000	0,000079877000	0,000002677000
190,000000000000	0,011464404000	0,544445610000	0,000079605000	0,000002542000
191,000000000000	0,011463179000	0,544634790000	0,000079961000	0,000002677000
192,000000000000	0,011462539000	0,544851320000	0,000079531000	0,000002532000
193,000000000000	0,011459211000	0,545094590000	0,000080243000	0,000002355000
194,000000000000	0,011457661000	0,545312790000	0,000079751000	0,000002418000
195,000000000000	0,011455698000	0,545521980000	0,000079741000	0,000002719000
196,000000000000	0,011455091000	0,545723000000	0,000079647000	0,000002490000
197,000000000000	0,011452685000	0,545854220000	0,000079594000	0,000002594000
198,000000000000	0,011451969000	0,545996460000	0,000079353000	0,000002438000
199,000000000000	0,011450636000	0,546107280000	0,000079846000	0,000002916000
200,000000000000	0,011450300000	0,546175040000	0,000079709000	0,000002625000
201,000000000000	0,011449150000	0,546237690000	0,000079793000	0,000002553000
202,000000000000	0,011449237000	0,546239930000	0,000079333000	0,000002511000
203,000000000000	0,011449064000	0,546205850000	0,000079877000	0,000002490000
204,000000000000	0,011449920000	0,546170950000	0,000079762000	0,000002667000
205,000000000000	0,011448890000	0,546170950000	0,000079709000	0,000002656000
206,000000000000	0,011450397000	0,546191570000	0,000079500000	0,000002438000
207,000000000000	0,011450224000	0,546179730000	0,000079950000	0,000002324000
208,000000000000	0,011450039000	0,546122380000	0,000080023000	0,000002418000
209,000000000000	0,011448511000	0,546090550000	0,000079636000	0,000002521000
210,000000000000	0,011449313000	0,546118300000	0,000079741000	0,000002501000
211,000000000000	0,011449844000	0,546066460000	0,000079605000	0,000002563000
212,000000000000	0,011450039000	0,546009730000	0,000079333000	0,000002480000
213,000000000000	0,011450484000	0,545856870000	0,000079898000	0,000002324000
214,000000000000	0,011451514000	0,545808300000	0,000079270000	0,000002594000
215,000000000000	0,011452143000	0,545735850000	0,000079217000	0,000002553000
216,000000000000	0,011452305000	0,545640550000	0,000079636000	0,000002615000
217,000000000000	0,011453140000	0,545591570000	0,000079866000	0,000002542000
218,000000000000	0,011452988000	0,545533810000	0,000079866000	0,000002604000
219,000000000000	0,011454300000	0,545452790000	0,000079333000	0,000002480000
220,000000000000	0,011455015000	0,545375240000	0,000079856000	0,000002636000
221,000000000000	0,011455601000	0,545275240000	0,000079866000	0,000002656000
222,000000000000	0,011456067000	0,545192960000	0,000079280000	0,000002438000
223,000000000000	0,011457465000	0,545109280000	0,000079720000	0,000002459000
224,000000000000	0,011458040000	0,545006020000	0,000079542000	0,000002428000
225,000000000000	0,011458018000	0,544912340000	0,000080149000	0,000002407000
226,000000000000	0,011458279000	0,544828470000	0,000079982000	0,000002646000
227,000000000000	0,011459352000	0,544772140000	0,000079877000	0,000002667000
228,000000000000	0,011460523000	0,544760510000	0,000079563000	0,000002719000
229,000000000000	0,011459547000	0,544799280000	0,000079521000	0,000002501000
230,000000000000	0,011459298000	0,544878060000	0,000079825000	0,000002490000
231,000000000000	0,011460089000	0,545001320000	0,000079730000	0,000002625000
232,000000000000	0,011459298000	0,545096430000	0,000079312000	0,000002511000
233,000000000000	0,011458159000	0,545191120000	0,000079605000	0,000002615000
234,000000000000	0,011457747000	0,545279320000	0,000079877000	0,000002449000
235,000000000000	0,011456338000	0,545360750000	0,000080097000	0,000002470000
236,000000000000	0,011455623000	0,545437490000	0,000080149000	0,000002490000
237,000000000000	0,011454734000	0,545487890000	0,000079511000	0,000002573000
238,000000000000	0,011454408000	0,545548710000	0,000079374000	0,000002449000
239,000000000000	0,011454961000	0,545607080000	0,000080034000	0,000002407000
240,000000000000	0,011454885000	0,545639120000	0,000080097000	0,000002470000
241,000000000000	0,011454668000	0,545604220000	0,000079615000	0,000002615000
242,000000000000	0,011455265000	0,545582790000	0,000079720000	0,000002335000
243,000000000000	0,011454387000	0,545627890000	0,000079961000	0,000002542000
244,000000000000	0,011454387000	0,545575650000	0,000079688000	0,000002449000
245,000000000000	0,011454332000	0,545514420000	0,000080055000	0,000002501000
246,000000000000	0,011455308000	0,545460550000	0,000079427000	0,000002480000
247,000000000000	0,011455384000	0,545461570000	0,000080421000	0,000002459000
248,000000000000	0,011455059000	0,545446670000	0,000080243000	0,000002553000
249,000000000000	0,011457617000	0,545391160000	0,000079573000	0,000002719000
250,000000000000	0,011456934000	0,545340340000	0,000079835000	0,000002812000
251,000000000000	0,011456891000	0,545353810000	0,000079699000	0,000002470000
252,000000000000	0,011457281000	0,545323200000	0,000079594000	0,000003082000
253,000000000000	0,011457455000	0,545250710000	0,000079835000	0,000002594000
254,000000000000	0,011457097000	0,545168470000	0,000079741000	0,000002490000
255,000000000000	0,011458495000	0,545152960000	0,000079793000	0,000002646000
256,000000000000	0,011458040000	0,545139280000	0,000079563000	0,000002480000
257,000000000000	0,011458485000	0,545118870000	0,000079584000	0,000002490000
258,000000000000	0,011459287000	0,545102550000	0,000079374000	0,000002573000
259,000000000000	0,011458625000	0,545104590000	0,000079416000	0,000002428000
260,000000000000	0,011458951000	0,545103770000	0,000079343000	0,000002656000
261,000000000000	0,011459092000	0,545081730000	0,000079270000	0,000002252000
262,000000000000	0,011456934000	0,545182140000	0,000080013000	0,000002719000
263,000000000000	0,011457325000	0,545484020000	0,000079720000	0,000002646000
264,000000000000	0,011453975000	0,545806260000	0,000080243000	0,000002521000
265,001000000000	0,011453227000	0,546113810000	0,000079657000	0,000002521000
266,000000000000	0,011450668000	0,546405030000	0,000079709000	0,000002760000
267,000000000000	0,011447893000	0,546775440000	0,000079804000	0,000002677000
268,000000000000	0,011444543000	0,547163610000	0,000079982000	0,000002117000
269,000000000000	0,011442158000	0,547567890000	0,000079846000	0,000002542000
270,000000000000	0,011438830000	0,547945440000	0,000080191000	0,000002573000
271,000000000000	0,011436369000	0,548307890000	0,000079961000	0,000002957000
272,000000000000	0,011433453000	0,548631150000	0,000079647000	0,000002407000
273,000000000000	0,011429571000	0,548953400000	0,000079374000	0,000002418000
274,000000000000	0,011428758000	0,549220340000	0,000080264000	0,000002490000
275,000000000000	0,011426634000	0,549459320000	0,000079898000	0,000002407000
276,000000000000	0,011425203000	0,549745850000	0,000079374000	0,000002490000
277,000000000000	0,011421972000	0,549918700000	0,000079657000	0,000002449000
278,000000000000	0,011420205000	0,550056250000	0,000079856000	0,000002563000
279,000000000000	0,011419619000	0,550146660000	0,000079688000	0,000002802000
280,000000000000	0,011418167000	0,550249310000	0,000079615000	0,000002604000
281,000000000000	0,011418871000	0,550296870000	0,000080317000	0,000002687000
282,000000000000	0,011417831000	0,550331560000	0,000079092000	0,000002449000
283,000000000000	0,011417820000	0,550294830000	0,000079186000	0,000002511000
284,000000000000	0,011416801000	0,550321970000	0,000079668000	0,000002553000
285,000000000000	0,011416736000	0,550399720000	0,000079448000	0,000002335000
286,000000000000	0,011417408000	0,550411560000	0,000080275000	0,000002698000
287,000000000000	0,011416703000	0,550388290000	0,000079437000	0,000002604000
288,000000000000	0,011415055000	0,550433400000	0,000079469000	0,000002584000
289,000000000000	0,011415749000	0,550449930000	0,000079856000	0,000002459000
290,000000000000	0,011415489000	0,550478090000	0,000079772000	0,000002573000
291,000000000000	0,011415088000	0,550543800000	0,000080212000	0,000002584000
292,000000000000	0,011414904000	0,550585030000	0,000079563000	0,000002511000
293,000000000000	0,011414188000	0,550605030000	0,000079730000	0,000002687000
294,000000000000	0,011413603000	0,550687890000	0,000079709000	0,000002729000
295,000000000000	0,011413538000	0,550780740000	0,000079217000	0,000002656000
296,000000000000	0,011411933000	0,550884210000	0,000079594000	0,000002449000
297,000000000000	0,011410372000	0,550976250000	0,000079699000	0,000002656000
298,000000000000	0,011411369000	0,551103600000	0,000079699000	0,000002449000
299,000000000000	0,011410231000	0,551218290000	0,000079207000	0,000002449000
300,000000000000	0,011408475000	0,551366860000	0,000079563000	0,000002366000
301,000000000000	0,011407889000	0,551511560000	0,000079741000	0,000002667000
302,000000000000	0,011406675000	0,551665030000	0,000079542000	0,000002542000
303,000000000000	0,011405765000	0,551779520000	0,000079814000	0,000002521000
304,000000000000	0,011404388000	0,551890950000	0,000079531000	0,000002521000
305,000000000000	0,011402772000	0,551973390000	0,000080222000	0,000002532000
306,000000000000	0,011402805000	0,552060330000	0,000079469000	0,000002553000
307,000000000000	0,011402436000	0,552093390000	0,000079353000	0,000002438000
308,000000000000	0,011400810000	0,552134620000	0,000080212000	0,000002366000
309,000000000000	0,011401092000	0,552169720000	0,000079668000	0,000002584000
310,000000000000	0,011400257000	0,552225640000	0,000079772000	0,000002521000
311,000000000000	0,011399921000	0,552237270000	0,000080003000	0,000002625000
312,000000000000	0,011401276000	0,552234620000	0,000080023000	0,000002656000
313,000000000000	0,011400246000	0,552251760000	0,000079846000	0,000002584000
314,000000000000	0,011400257000	0,552287270000	0,000079542000	0,000002563000
315,000000000000	0,011400333000	0,552272580000	0,000079092000	0,000002719000
316,000000000000	0,011400550000	0,552262170000	0,000079835000	0,000002594000
317,000000000000	0,011400301000	0,552238290000	0,000079605000	0,000002096000
318,000000000000	0,011399672000	0,552227680000	0,000079416000	0,000002636000
319,000000000000	0,011400355000	0,552201760000	0,000079982000	0,000002449000
320,000000000000	0,011400572000	0,552219310000	0,000079500000	0,000002542000
321,000000000000	0,011401287000	0,552189310000	0,000080013000	0,000002459000
322,000000000000	0,011401482000	0,552120330000	0,000079615000	0,000002625000
323,000000000000	0,011401916000	0,552092580000	0,000079657000	0,000002521000
324,000000000000	0,011401526000	0,552064820000	0,000079887000	0,000002916000
325,000000000000	0,011400973000	0,552037070000	0,000079081000	0,000002397000
326,000000000000	0,011401797000	0,552047480000	0,000079594000	0,000002822000
327,000000000000	0,011401851000	0,552026660000	0,000079846000	0,000002449000
328,000000000000	0,011401873000	0,552041350000	0,000080149000	0,000002428000
329,000000000000	0,011402350000	0,552060940000	0,000079866000	0,000002553000
330,000000000000	0,011400387000	0,552054210000	0,000079678000	0,000002646000
331,000000000000	0,011400680000	0,552084820000	0,000079573000	0,000002459000
332,000000000000	0,011401547000	0,552071970000	0,000079605000	0,000002459000
333,000000000000	0,011401591000	0,552077880000	0,000079982000	0,000002791000
334,000000000000	0,011401959000	0,552075430000	0,000079584000	0,000002532000
335,000000000000	0,011401428000	0,552029310000	0,000079720000	0,000002480000
336,000000000000	0,011402664000	0,551940950000	0,000079364000	0,000002449000
337,000000000000	0,011402599000	0,551905640000	0,000079772000	0,000002677000
338,000000000000	0,011402794000	0,551841970000	0,000079531000	0,000002459000
339,000000000000	0,011404106000	0,551759310000	0,000079437000	0,000002584000
340,000000000000	0,011403932000	0,551668090000	0,000079898000	0,000002355000
341,000000000000	0,011404789000	0,551585840000	0,000079113000	0,000002594000
342,000000000000	0,011404735000	0,551507480000	0,000079793000	0,000002480000
343,000000000000	0,011406046000	0,551441350000	0,000079500000	0,000002604000
344,000000000000	0,011406111000	0,551376460000	0,000079678000	0,000001971000
345,000000000000	0,011407759000	0,551286660000	0,000079615000	0,000002615000
346,000000000000	0,011407759000	0,551199110000	0,000079176000	0,000002719000
347,000000000000	0,011408800000	0,551116050000	0,000079835000	0,000002532000
348,000000000000	0,011409310000	0,551008090000	0,000079940000	0,000002438000
349,000000000000	0,011409819000	0,550886870000	0,000079908000	0,000002594000
350,000000000000	0,011411901000	0,550815440000	0,000079730000	0,000002750000
351,000000000000	0,011411651000	0,550697680000	0,000079657000	0,000002708000
352,000000000000	0,011412952000	0,550615640000	0,000079783000	0,000002646000
353,000000000000	0,011413592000	0,550479520000	0,000079856000	0,000002615000
354,000000000000	0,011414882000	0,550364420000	0,000079270000	0,000002760000
355,000000000000	0,011415998000	0,550246660000	0,000079741000	0,000002625000
356,000000000000	0,011416313000	0,550133190000	0,000080023000	0,000002646000
357,000000000000	0,011418362000	0,550079720000	0,000079594000	0,000002511000
358,000000000000	0,011417831000	0,550191150000	0,000079657000	0,000002511000
359,000000000000	0,011416573000	0,550285640000	0,000079688000	0,000002646000
360,000000000000	0,011416183000	0,550454010000	0,000079919000	0,000002584000
361,000000000000	0,011414914000	0,550603600000	0,000079940000	0,000002677000
362,000000000000	0,011413700000	0,550764010000	0,000079647000	0,000002677000
363,000000000000	0,011414264000	0,550942380000	0,000079919000	0,000002573000
364,000000000000	0,011411098000	0,551111560000	0,000079605000	0,000002573000
365,000000000000	0,011409993000	0,551260740000	0,000079856000	0,000002770000
366,000000000000	0,011408442000	0,551425640000	0,000079741000	0,000002791000
367,000000000000	0,011407792000	0,551579520000	0,000079500000	0,000002770000
368,000000000000	0,011406122000	0,551752780000	0,000080275000	0,000002770000
369,000000000000	0,011405353000	0,551889920000	0,000080044000	0,000002376000
370,000000000000	0,011405320000	0,552068290000	0,000079542000	0,000002470000
371,000000000000	0,011402848000	0,552231350000	0,000079751000	0,000002625000
372,000000000000	0,011402350000	0,552513190000	0,000079186000	0,000002501000
373,000000000000	0,011398360000	0,552864210000	0,000079615000	0,000002304000
374,000000000000	0,011395184000	0,553237470000	0,000079846000	0,000002698000
375,000000000000	0,011392972000	0,553679920000	0,000080390000	0,000002853000
376,000000000000	0,011389676000	0,554078290000	0,000079846000	0,000002449000
377,000000000000	0,011385329000	0,554517680000	0,000079919000	0,000002438000
378,000000000000	0,011382359000	0,554955230000	0,000079762000	0,000002636000
379,000000000000	0,011378001000	0,555417880000	0,000079374000	0,000002656000
380,000000000000	0,011375410000	0,555833420000	0,000080160000	0,000002459000
381,000000000000	0,011372407000	0,556251170000	0,000079605000	0,000002428000
382,000000000000	0,011369490000	0,556590970000	0,000080139000	0,000002636000
383,000000000000	0,011367268000	0,556920150000	0,000079741000	0,000002822000
384,000000000000	0,011363430000	0,557186680000	0,000079196000	0,000002760000
385,000000000000	0,011362303000	0,557393420000	0,000080076000	0,000002833000
386,000000000000	0,011360059000	0,557560350000	0,000079908000	0,000002625000
387,000000000000	0,011357945000	0,557775660000	0,000079479000	0,000002584000
388,000000000000	0,011356969000	0,557951170000	0,000079835000	0,000002625000
389,000000000000	0,011356123000	0,558029740000	0,000079908000	0,000002936000
390,000000000000	0,011355018000	0,558083010000	0,000080013000	0,000002760000
391,000000000000	0,011355018000	0,558180350000	0,000080013000	0,000002687000
392,000000000000	0,011354432000	0,558256070000	0,000079856000	0,000002770000
393,000000000000	0,011352567000	0,558339950000	0,000079322000	0,000002573000
394,000000000000	0,011351754000	0,558479330000	0,000079751000	0,000002656000
395,000000000000	0,011350584000	0,558661990000	0,000080170000	0,000002698000
396,000000000000	0,011348762000	0,558847500000	0,000080338000	0,000002739000
397,000000000000	0,011347396000	0,559099130000	0,000080317000	0,000002594000
398,000000000000	0,011346030000	0,559354230000	0,000079741000	0,000002418000
399,000000000000	0,011342247000	0,559618510000	0,000079961000	0,000002563000
400,000000000000	0,011340903000	0,559897090000	0,000079521000	0,000002781000
401,000000000000	0,011338312000	0,560173000000	0,000080589000	0,000002521000
402,000000000000	0,011334994000	0,560446270000	0,000080254000	0,000002812000
403,000000000000	0,011333249000	0,560692390000	0,000079490000	0,000002573000
404,000000000000	0,011332360000	0,560920150000	0,000080264000	0,000002397000
405,000000000000	0,011329801000	0,561151570000	0,000080578000	0,000002677000
406,000000000000	0,011327514000	0,561331780000	0,000080714000	0,000002459000
407,000000000000	0,011326690000	0,561543410000	0,000080453000	0,000002719000
408,000000000000	0,011325010000	0,561748100000	0,000080442000	0,000002584000
409,000000000000	0,011323611000	0,561925650000	0,000080421000	0,000002366000
410,000000000000	0,011322223000	0,562075450000	0,000080547000	0,000002272000
411,000000000000	0,011321345000	0,562187690000	0,000080526000	0,000002542000
412,000000000000	0,011319697000	0,562304840000	0,000080610000	0,000002490000
413,000000000000	0,011319036000	0,562402800000	0,000080903000	0,000002532000
414,000000000000	0,011318657000	0,562506060000	0,000080421000	0,000002853000
415,000000000000	0,011316261000	0,562670550000	0,000080756000	0,000002781000
416,000000000000	0,011315719000	0,562862390000	0,000080610000	0,000002770000
417,000000000000	0,011314483000	0,563065240000	0,000080557000	0,000002729000
418,000000000000	0,011312662000	0,563219330000	0,000080557000	0,000002096000
419,000000000000	0,011311664000	0,563432790000	0,000080557000	0,000002407000
420,000000000000	0,011309409000	0,563669330000	0,000080830000	0,000002490000
421,000000000000	0,011308303000	0,563855240000	0,000080673000	0,000002667000
422,000000000000	0,011306482000	0,564034830000	0,000081123000	0,000002698000
423,000000000000	0,011305008000	0,564265450000	0,000080987000	0,000002739000
424,000000000000	0,011303132000	0,564508920000	0,000081060000	0,000002791000
425,000000000000	0,011300173000	0,564787280000	0,000080735000	0,000002750000
426,000000000000	0,011297809000	0,565051770000	0,000080903000	0,000002687000
427,000000000000	0,011297061000	0,565277690000	0,000081070000	0,000002677000
428,000000000000	0,011296866000	0,565484630000	0,000081646000	0,000002677000
429,000000000000	0,011291825000	0,565724220000	0,000081405000	0,000002532000
430,001000000000	0,011291001000	0,565931770000	0,000081625000	0,000002760000
431,000000000000	0,011290004000	0,566082380000	0,000081856000	0,000002719000
432,000000000000	0,011287911000	0,566275680000	0,000081625000	0,000002418000
433,000000000000	0,011286936000	0,566437920000	0,000082075000	0,000002459000
434,000000000000	0,011286350000	0,566598530000	0,000082222000	0,000002563000
435,000000000000	0,011284637000	0,566721800000	0,000081719000	0,000002573000
436,000000000000	0,011282187000	0,566920980000	0,000082630000	0,000002366000
437,000000000000	0,011281017000	0,567179960000	0,000082316000	0,000002636000
438,000000000000	0,011280377000	0,567426700000	0,000082944000	0,000002511000
439,000000000000	0,011278523000	0,567607100000	0,000082463000	0,000002667000
440,000000000000	0,011275412000	0,567793630000	0,000083290000	0,000002345000
441,000000000000	0,011274436000	0,568013840000	0,000083227000	0,000002490000
442,000000000000	0,011273471000	0,568182410000	0,000083803000	0,000002459000
443,000000000000	0,011271932000	0,568326490000	0,000084253000	0,000002563000
444,000000000000	0,011268820000	0,568475470000	0,000083426000	0,000002615000
445,000000000000	0,011269579000	0,568656080000	0,000084462000	0,000002584000
446,000000000000	0,011267660000	0,568827510000	0,000084431000	0,000002563000
447,000000000000	0,011265622000	0,568952200000	0,000084473000	0,000002719000
448,000000000000	0,011264690000	0,569093020000	0,000084808000	0,000002656000
449,000000000000	0,011264278000	0,569220980000	0,000085666000	0,000002646000
450,000000000000	0,011263357000	0,569345880000	0,000085352000	0,000002449000
451,000000000000	0,011261427000	0,569448940000	0,000085970000	0,000002480000
452,000000000000	0,011261275000	0,569603220000	0,000085582000	0,000002553000
453,000000000000	0,011258738000	0,569782820000	0,000086839000	0,000002739000
454,000000000000	0,011257969000	0,570008530000	0,000087488000	0,000002687000
455,000000000000	0,011256830000	0,570204450000	0,000088074000	0,000002625000
456,000000000000	0,011255464000	0,570358940000	0,000088399000	0,000002490000
457,000000000000	0,011254402000	0,570554450000	0,000088639000	0,000002542000
458,000000000000	0,011253394000	0,570735470000	0,000089749000	0,000002636000
459,000000000000	0,011251247000	0,570928320000	0,000090356000	0,000002459000
460,000000000000	0,011250174000	0,571078530000	0,000090932000	0,000002864000
461,000000000000	0,011248363000	0,571245260000	0,000091801000	0,000002387000
462,000000000000	0,011247583000	0,571412200000	0,000092188000	0,000002542000
463,000000000000	0,011244721000	0,571550160000	0,000092900000	0,000002501000
464,000000000000	0,011244732000	0,571696890000	0,000093685000	0,000002656000
465,000000000000	0,011244677000	0,571826890000	0,000093999000	0,000002708000
466,000000000000	0,011242455000	0,571912400000	0,000093361000	0,000002553000
467,000000000000	0,011239929000	0,572039140000	0,000095078000	0,000002324000
468,000000000000	0,011241479000	0,572143830000	0,000095915000	0,000002490000
469,000000000000	0,011239452000	0,572257910000	0,000095632000	0,000002532000
470,000000000000	0,011238227000	0,572430360000	0,000097915000	0,000002553000
471,000000000000	0,011237371000	0,572539550000	0,000098239000	0,000002501000
472,000000000000	0,011236828000	0,572700970000	0,000098009000	0,000002366000
473,000000000000	0,011235213000	0,572852200000	0,000100270000	0,000002418000
474,000000000000	0,011234465000	0,573008320000	0,000100490000	0,000002563000
475,000000000000	0,011232113000	0,573196890000	0,000101327000	0,000002594000
476,000000000000	0,011232199000	0,573364240000	0,000103044000	0,000002739000
477,000000000000	0,011229706000	0,573536480000	0,000103201000	0,000002615000
478,000000000000	0,011227559000	0,573714030000	0,000104876000	0,000002708000
479,000000000000	0,011227559000	0,573884240000	0,000106363000	0,000002636000
480,000000000000	0,011226237000	0,574048520000	0,000106112000	0,000002542000
481,000000000000	0,011224188000	0,574215050000	0,000108237000	0,000002470000
482,000000000000	0,011225055000	0,574379540000	0,000108446000	0,000002719000
483,000000000000	0,011221543000	0,574486280000	0,000108677000	0,000003196000
484,000000000000	0,011221998000	0,574572810000	0,000110550000	0,000002719000
485,000000000000	0,011220675000	0,574660560000	0,000110645000	0,000002490000
486,000000000000	0,011218843000	0,574780560000	0,000111953000	0,000002615000
487,000000000000	0,011219320000	0,574880150000	0,000112519000	0,000002874000
488,000000000000	0,011217759000	0,574971180000	0,000112665000	0,000002594000
489,000000000000	0,011217683000	0,575049340000	0,000114885000	0,000002687000
490,000000000000	0,011216556000	0,575155870000	0,000114434000	0,000002636000
491,000000000000	0,011216155000	0,575239540000	0,000116141000	0,000002791000
492,000000000000	0,011215894000	0,575339340000	0,000115743000	0,000002480000
493,000000000000	0,011214355000	0,575387090000	0,000117135000	0,000002739000
494,000000000000	0,011214702000	0,575450970000	0,000117292000	0,000002553000
495,000000000000	0,011212761000	0,575567910000	0,000117900000	0,000002781000
496,000000000000	0,011213087000	0,575631990000	0,000117941000	0,000002521000
497,000000000000	0,011212740000	0,575696890000	0,000118098000	0,000002604000
498,000000000000	0,011212783000	0,575771790000	0,000120067000	0,000002459000
499,000000000000	0,011211753000	0,575893210000	0,000119250000	0,000002501000
500,000000000000	0,011210745000	0,575982400000	0,000120705000	0,000002584000
501,000000000000	0,011209574000	0,576061990000	0,000120475000	0,000002542000
502,000000000000	0,011208078000	0,576130360000	0,000122464000	0,000002324000
503,000000000000	0,011208577000	0,576239340000	0,000122579000	0,000002501000
504,000000000000	0,011206972000	0,576319130000	0,000124003000	0,000002843000
505,000000000000	0,011207341000	0,576387300000	0,000123343000	0,000002853000
506,000000000000	0,011205585000	0,576526070000	0,000125081000	0,000002656000
507,000000000000	0,011203958000	0,576603830000	0,000124306000	0,000002833000
508,000000000000	0,011205357000	0,576707500000	0,000126390000	0,000002407000
509,000000000000	0,011204305000	0,576763040000	0,000125605000	0,000002636000
510,000000000000	0,011203969000	0,576861200000	0,000127740000	0,000002314000
511,000000000000	0,011202332000	0,576937530000	0,000126997000	0,000002553000
512,000000000000	0,011202788000	0,577021200000	0,000128766000	0,000002833000
513,000000000000	0,011200576000	0,577046300000	0,000128525000	0,000002708000
514,000000000000	0,011202159000	0,577056100000	0,000127897000	0,000002293000
515,000000000000	0,011201378000	0,577102630000	0,000129489000	0,000002397000
516,000000000000	0,011201953000	0,577091410000	0,000128327000	0,000002438000
517,000000000000	0,011200403000	0,577077320000	0,000129897000	0,000002418000
518,000000000000	0,011200001000	0,577061610000	0,000128766000	0,000002677000
519,000000000000	0,011201053000	0,577094060000	0,000128682000	0,000002521000
520,000000000000	0,011199871000	0,577090590000	0,000130179000	0,000002916000
521,000000000000	0,011200619000	0,577073650000	0,000128839000	0,000002708000
522,000000000000	0,011201324000	0,577064260000	0,000130043000	0,000002335000
523,000000000000	0,011200543000	0,577052830000	0,000130473000	0,000002480000
524,000000000000	0,011200305000	0,577063650000	0,000128463000	0,000002501000
525,000000000000	0,011201064000	0,577025690000	0,000129122000	0,000002407000
526,000000000000	0,011199730000	0,577019160000	0,000130337000	0,000002428000
527,000000000000	0,011200229000	0,577002020000	0,000128913000	0,000002428000
528,000000000000	0,011201465000	0,576983650000	0,000129216000	0,000002376000
529,000000000000	0,011201053000	0,576962430000	0,000130452000	0,000002563000
530,000000000000	0,011201053000	0,576939370000	0,000129237000	0,000001795000
531,000000000000	0,011202506000	0,576953860000	0,000128421000	0,000002708000
532,000000000000	0,011202126000	0,576959370000	0,000129698000	0,000002999000
533,000000000000	0,011201649000	0,576900590000	0,000130075000	0,000002490000
534,000000000000	0,011201465000	0,576853450000	0,000129070000	0,000002511000
535,000000000000	0,011202235000	0,576832220000	0,000128452000	0,000002770000
536,000000000000	0,011202907000	0,576811810000	0,000127803000	0,000002885000
537,000000000000	0,011202441000	0,576784060000	0,000127573000	0,000002418000
538,000000000000	0,011202256000	0,576720180000	0,000128201000	0,000002428000
539,000000000000	0,011202061000	0,576735490000	0,000128599000	0,000002293000
540,000000000000	0,011202180000	0,576828550000	0,000127939000	0,000002687000
541,000000000000	0,011201530000	0,576939570000	0,000127855000	0,000002480000
542,000000000000	0,011201324000	0,577031810000	0,000128578000	0,000002438000
543,000000000000	0,011200576000	0,577132020000	0,000130159000	0,000002573000
544,000000000000	0,011200337000	0,577271410000	0,000130525000	0,000002553000
545,000000000000	0,011199145000	0,577371610000	0,000131048000	0,000002511000
546,000000000000	0,011197963000	0,577506510000	0,000131959000	0,000002584000
547,000000000000	0,011196901000	0,577636510000	0,000131153000	0,000002324000
548,000000000000	0,011196901000	0,577781810000	0,000132713000	0,000002542000
549,000000000000	0,011195470000	0,577915080000	0,000133121000	0,000002480000
550,001000000000	0,011194147000	0,578077320000	0,000134639000	0,000002501000
551,000000000000	0,011191415000	0,578245080000	0,000135498000	0,000002553000
552,000000000000	0,011190364000	0,578435890000	0,000136607000	0,000002698000
553,000000000000	0,011190613000	0,578617530000	0,000136681000	0,000002511000
554,000000000000	0,011188727000	0,578779770000	0,000138209000	0,000002106000
555,000000000000	0,011187241000	0,578976100000	0,000139465000	0,000002542000
556,000000000000	0,011184618000	0,579150790000	0,000140659000	0,000002573000
557,000000000000	0,011183404000	0,579296910000	0,000141151000	0,000002428000
558,000000000000	0,011183621000	0,579457120000	0,000141444000	0,000002604000
559,000000000000	0,011182710000	0,579559360000	0,000141235000	0,000002563000
560,000000000000	0,011181604000	0,579710990000	0,000142575000	0,000002459000
561,000000000000	0,011180184000	0,579862010000	0,000144229000	0,000002542000
562,000000000000	0,011179696000	0,579989570000	0,000144574000	0,000002563000
563,000000000000	0,011178211000	0,580094050000	0,000145202000	0,000002667000
564,000000000000	0,011175902000	0,580217320000	0,000145642000	0,000002397000
565,000000000000	0,011174904000	0,580363240000	0,000146134000	0,000002542000
566,000000000000	0,011174135000	0,580521810000	0,000147432000	0,000002355000
567,000000000000	0,011173430000	0,580674050000	0,000147589000	0,000002584000
568,000000000000	0,011173582000	0,580838140000	0,000148510000	0,000002428000
569,000000000000	0,011171891000	0,580935280000	0,000149662000	0,000002345000
570,000000000000	0,011170752000	0,581064460000	0,000150091000	0,000002584000
571,000000000000	0,011169408000	0,581169970000	0,000151442000	0,000002636000
572,000000000000	0,011168053000	0,581313030000	0,000151463000	0,000002490000
573,000000000000	0,011166687000	0,581497320000	0,000151808000	0,000002729000
574,000000000000	0,011165668000	0,581664260000	0,000151253000	0,000002812000
575,000000000000	0,011164226000	0,581741400000	0,000151923000	0,000002667000
576,000000000000	0,011163847000	0,581821400000	0,000153033000	0,000002511000
577,000000000000	0,011163565000	0,581940170000	0,000153493000	0,000002667000
578,000000000000	0,011162654000	0,582062830000	0,000154226000	0,000002459000
579,000000000000	0,011160952000	0,582126300000	0,000154310000	0,000002293000
580,000000000000	0,011160627000	0,582232830000	0,000155315000	0,000002521000
581,000000000000	0,011160139000	0,582337930000	0,000156226000	0,000002542000
582,000000000000	0,011160117000	0,582410790000	0,000155661000	0,000002490000
583,000000000000	0,011157537000	0,582516300000	0,000156906000	0,000002553000
584,000000000000	0,011157407000	0,582620380000	0,000157451000	0,000002719000
585,000000000000	0,011156561000	0,582794870000	0,000157514000	0,000002138000
586,000000000000	0,011156962000	0,582900170000	0,000158267000	0,000002490000
587,000000000000	0,011155922000	0,582940380000	0,000158780000	0,000002542000
588,000000000000	0,011154014000	0,583046910000	0,000159377000	0,000002345000
589,000000000000	0,011153829000	0,583145270000	0,000158728000	0,000002470000
590,000000000000	0,011151748000	0,583256910000	0,000158948000	0,000002573000
591,000000000000	0,011152398000	0,583327720000	0,000158937000	0,000002511000
592,000000000000	0,011150935000	0,583424050000	0,000160162000	0,000002355000
593,000000000000	0,011150642000	0,583541400000	0,000160026000	0,000002615000
594,000000000000	0,011150035000	0,583679760000	0,000159660000	0,000002542000
595,000000000000	0,011147379000	0,583821800000	0,000160445000	0,000002615000
596,000000000000	0,011147813000	0,583967930000	0,000160748000	0,000002812000
597,000000000000	0,011146230000	0,584132620000	0,000161408000	0,000002594000
598,000000000000	0,011145265000	0,584249150000	0,000161513000	0,000002553000
599,000000000000	0,011144853000	0,584342820000	0,000162078000	0,000002438000
600,000000000000	0,011142652000	0,584499970000	0,000162193000	0,000002542000
601,000000000000	0,011142023000	0,584624460000	0,000163271000	0,000002646000
602,000000000000	0,011140484000	0,584777720000	0,000163962000	0,000002604000
603,000000000000	0,011139693000	0,584920780000	0,000164098000	0,000002584000
604,000000000000	0,011138294000	0,585028950000	0,000164350000	0,000002760000
605,000000000000	0,011137253000	0,585230170000	0,000164580000	0,000002750000
606,000000000000	0,011137210000	0,585449350000	0,000165062000	0,000002719000
607,000000000000	0,011134673000	0,585609560000	0,000165239000	0,000002490000
608,000000000000	0,011133990000	0,585753230000	0,000165951000	0,000002304000
609,000000000000	0,011132819000	0,585914450000	0,000166119000	0,000002542000
610,000000000000	0,011131844000	0,586096290000	0,000166297000	0,000002750000
611,000000000000	0,011129610000	0,586247720000	0,000167312000	0,000002470000
612,000000000000	0,011128743000	0,586408130000	0,000166831000	0,000002501000
613,000000000000	0,011126467000	0,586613640000	0,000167647000	0,000002428000
614,000000000000	0,011124602000	0,586816490000	0,000167616000	0,000002584000
615,000000000000	0,011124732000	0,586993640000	0,000168747000	0,000002459000
616,000000000000	0,011124439000	0,587168740000	0,000168925000	0,000002376000
617,000000000000	0,011120981000	0,587317340000	0,000168579000	0,000002708000
618,000000000000	0,011118943000	0,587487750000	0,000169458000	0,000002677000
619,000000000000	0,011117588000	0,587638970000	0,000169940000	0,000002594000
620,000000000000	0,011118325000	0,587798360000	0,000170432000	0,000002355000
621,000000000000	0,011117609000	0,587947540000	0,000169940000	0,000002584000
622,000000000000	0,011115680000	0,588152240000	0,000170798000	0,000002542000
623,000000000000	0,011113739000	0,588374680000	0,000171186000	0,000002729000
624,000000000000	0,011111994000	0,588536730000	0,000170432000	0,000002428000
625,000000000000	0,011110411000	0,588714280000	0,000171301000	0,000002646000
626,000000000000	0,011108644000	0,588938560000	0,000171479000	0,000002812000
627,000000000000	0,011107722000	0,589171210000	0,000172065000	0,000002387000
628,000000000000	0,011106920000	0,589397130000	0,000172285000	0,000002470000
629,000000000000	0,011104318000	0,589589780000	0,000172735000	0,000002594000
630,000000000000	0,011102226000	0,589856930000	0,000172295000	0,000002511000
631,000000000000	0,011100101000	0,590108970000	0,000173248000	0,000002646000
632,000000000000	0,011096784000	0,590371420000	0,000173342000	0,000002511000
633,000000000000	0,011096220000	0,590633050000	0,000173028000	0,000002812000
634,001000000000	0,011095168000	0,590927540000	0,000173688000	0,000002625000
635,000000000000	0,011093011000	0,591246930000	0,000174075000	0,000002636000
636,000000000000	0,011090951000	0,591543460000	0,000173625000	0,000002459000
637,000000000000	0,011087504000	0,591817740000	0,000174211000	0,000002521000
638,000000000000	0,011085487000	0,592063450000	0,000174127000	0,000002521000
639,000000000000	0,011083298000	0,592374470000	0,000174975000	0,000002594000
640,000000000000	0,011082701000	0,592632030000	0,000175499000	0,000002521000
641,000000000000	0,011080501000	0,592905290000	0,000175310000	0,000002791000
642,000000000000	0,011076641000	0,593214680000	0,000175572000	0,000002719000
643,000000000000	0,011074636000	0,593490600000	0,000175279000	0,000002708000
644,000000000000	0,011072771000	0,593765080000	0,000175729000	0,000002490000
645,000000000000	0,011070646000	0,594022640000	0,000175960000	0,000002521000
646,000000000000	0,011068836000	0,594353660000	0,000175541000	0,000002594000
647,000000000000	0,011066570000	0,594712630000	0,000175844000	0,000002490000
648,000000000000	0,011063502000	0,595046100000	0,000175488000	0,000002542000
649,000000000000	0,011061269000	0,595321410000	0,000176766000	0,000002553000
650,000000000000	0,011058081000	0,595588140000	0,000176493000	0,000002490000
651,000000000000	0,011056292000	0,595876410000	0,000176755000	0,000002563000
652,000000000000	0,011055263000	0,596166710000	0,000176336000	0,000002521000
653,000000000000	0,011052303000	0,596431820000	0,000176713000	0,000002428000
654,000000000000	0,011051577000	0,596694880000	0,000177488000	0,000002521000
655,000000000000	0,011048606000	0,597016510000	0,000176902000	0,000002636000
656,000000000000	0,011046362000	0,597343450000	0,000177143000	0,000002573000
657,000000000000	0,011043522000	0,597672830000	0,000177436000	0,000002687000
658,000000000000	0,011041126000	0,598013890000	0,000176525000	0,000002708000
659,000000000000	0,011039500000	0,598427980000	0,000177289000	0,000002719000
660,000000000000	0,011035315000	0,598839610000	0,000177320000	0,000002376000
661,000000000000	0,011032128000	0,599198590000	0,000177258000	0,000002521000
662,000000000000	0,011028485000	0,599613690000	0,000177928000	0,000002594000
663,000000000000	0,011026967000	0,600011650000	0,000177404000	0,000002501000
664,000000000000	0,011023943000	0,600469400000	0,000178001000	0,000002521000
665,000000000000	0,011019726000	0,600916540000	0,000177352000	0,000002636000
666,000000000000	0,011015985000	0,601391850000	0,000178001000	0,000002625000
667,000000000000	0,011012982000	0,601972260000	0,000178608000	0,000002542000
668,000000000000	0,011006933000	0,602535520000	0,000178116000	0,000002656000
669,000000000000	0,011003974000	0,603151850000	0,000177823000	0,000002563000
670,000000000000	0,010998998000	0,603771440000	0,000178106000	0,000002604000
671,000000000000	0,010994910000	0,604427350000	0,000178106000	0,000002511000
672,000000000000	0,010990238000	0,605091840000	0,000177635000	0,000002594000
673,000000000000	0,010983712000	0,605782250000	0,000177959000	0,000002490000
674,000000000000	0,010980600000	0,606468170000	0,000177990000	0,000002407000
675,000000000000	0,010974117000	0,607195720000	0,000178273000	0,000002480000
676,000000000000	0,010971266000	0,607929800000	0,000178168000	0,000002470000
677,000000000000	0,010966279000	0,608465130000	0,000178818000	0,000002760000
678,000000000000	0,010961000000	0,608984720000	0,000178210000	0,000002521000
679,000000000000	0,010954788000	0,609527780000	0,000178179000	0,000002698000
680,000000000000	0,010951243000	0,610163700000	0,000177624000	0,000002864000
681,000000000000	0,010948348000	0,610796150000	0,000178116000	0,000002636000
682,000000000000	0,010944380000	0,611301250000	0,000178200000	0,000002781000
683,000000000000	0,010940651000	0,611872680000	0,000178556000	0,000002698000
684,000000000000	0,010936033000	0,612480030000	0,000178891000	0,000002459000
685,000000000000	0,010931967000	0,613077580000	0,000178723000	0,000002791000
686,000000000000	0,010927902000	0,613634510000	0,000177865000	0,000002656000
687,000000000000	0,010924368000	0,614194920000	0,000178064000	0,000002708000
688,000000000000	0,010920974000	0,614812670000	0,000178315000	0,000002355000
689,000000000000	0,010914763000	0,615443080000	0,000178305000	0,000002646000
690,000000000000	0,010911554000	0,616053690000	0,000178252000	0,000002231000
691,000000000000	0,010905342000	0,616601450000	0,000178263000	0,000002324000
692,000000000000	0,010902360000	0,617189410000	0,000178189000	0,000002646000
693,000000000000	0,010899585000	0,617776140000	0,000178252000	0,000002604000
694,000000000000	0,010893753000	0,618335120000	0,000178064000	0,000002667000
695,000000000000	0,010888256000	0,618917580000	0,000178095000	0,000002604000
696,000000000000	0,010886836000	0,619491660000	0,000178587000	0,000002750000
697,000000000000	0,010882641000	0,619954510000	0,000177917000	0,000002604000
698,000000000000	0,010880537000	0,619737170000	0,000178168000	0,000002418000
699,000000000000	0,010883963000	0,619051250000	0,000178870000	0,000002584000
700,000000000000	0,010888137000	0,618280220000	0,000178859000	0,000002625000
701,000000000000	0,010893666000	0,617525320000	0,000178357000	0,000002563000
702,000000000000	0,010898837000	0,616738180000	0,000177697000	0,000002625000
703,000000000000	0,010907087000	0,615857780000	0,000178472000	0,000002594000
704,000000000000	0,010910990000	0,614933490000	0,000178064000	0,000002532000
705,000000000000	0,010917104000	0,613951660000	0,000178954000	0,000002407000
706,000000000000	0,010924173000	0,612973290000	0,000178116000	0,000002355000
707,000000000000	0,010930959000	0,611911450000	0,000177865000	0,000002584000
708,000000000000	0,010937843000	0,610831460000	0,000178148000	0,000002584000
709,000000000000	0,010944120000	0,609715130000	0,000178231000	0,000002490000
710,000000000000	0,010952750000	0,608496360000	0,000178388000	0,000002615000
711,000000000000	0,010962734000	0,607257150000	0,000178284000	0,000002521000
712,000000000000	0,010970746000	0,606051640000	0,000178137000	0,000002563000
713,000000000000	0,010979473000	0,604831430000	0,000178085000	0,000002366000
714,000000000000	0,010988937000	0,603603680000	0,000178608000	0,000002563000
715,000000000000	0,010997501000	0,602357150000	0,000178137000	0,000002418000
716,000000000000	0,011006033000	0,601127970000	0,000177551000	0,000002293000
717,000000000000	0,011014370000	0,600061240000	0,000177645000	0,000002604000
718,000000000000	0,011022425000	0,598997570000	0,000177928000	0,000002480000
719,000000000000	0,011031055000	0,597937160000	0,000177949000	0,000002594000
720,000000000000	0,011037906000	0,596931610000	0,000178127000	0,000002584000
721,000000000000	0,011046145000	0,595939160000	0,000177823000	0,000002459000
722,000000000000	0,011054048000	0,594982630000	0,000177436000	0,000002459000
723,000000000000	0,011060011000	0,593991000000	0,000177122000	0,000002656000
724,000000000000	0,011068467000	0,593073450000	0,000177415000	0,000002532000
725,000000000000	0,011074224000	0,592136110000	0,000177331000	0,000002501000
726,000000000000	0,011081953000	0,591209370000	0,000176745000	0,000002521000
727,000000000000	0,011089683000	0,590306110000	0,000176022000	0,000002573000
728,000000000000	0,011096513000	0,589386720000	0,000175499000	0,000002231000
729,000000000000	0,011102898000	0,588552640000	0,000174347000	0,000002231000
730,000000000000	0,011110053000	0,587688360000	0,000173395000	0,000002542000
731,000000000000	0,011117111000	0,586839350000	0,000172076000	0,000002511000
732,000000000000	0,011123572000	0,585985070000	0,000170641000	0,000003019000
733,000000000000	0,011129567000	0,585156090000	0,000169102000	0,000002490000
734,000000000000	0,011135931000	0,584343230000	0,000166789000	0,000002449000
735,000000000000	0,011142425000	0,583569970000	0,000165271000	0,000002656000
736,000000000000	0,011148626000	0,582816300000	0,000162915000	0,000002449000
737,000000000000	0,011154350000	0,582168130000	0,000160068000	0,000002584000
738,000000000000	0,011160236000	0,581551200000	0,000157377000	0,000002387000
739,000000000000	0,011164638000	0,580976090000	0,000154164000	0,000002366000
740,000000000000	0,011169495000	0,580458540000	0,000151578000	0,000002542000
741,000000000000	0,011173820000	0,579982010000	0,000148584000	0,000002708000
742,000000000000	0,011177517000	0,579554460000	0,000145569000	0,000002719000
743,000000000000	0,011181723000	0,579165080000	0,000142543000	0,000002656000
744,000000000000	0,011184445000	0,578801000000	0,000140449000	0,000002532000
745,000000000000	0,011187935000	0,578549360000	0,000138073000	0,000002677000
746,000000000000	0,011189431000	0,578378750000	0,000135979000	0,000002563000
747,000000000000	0,011190992000	0,578274260000	0,000134849000	0,000002397000
748,000000000000	0,011192196000	0,578188550000	0,000133509000	0,000002480000
749,000000000000	0,011191231000	0,578154260000	0,000133456000	0,000002729000
750,000000000000	0,011192109000	0,578152630000	0,000133048000	0,000002604000
751,000000000000	0,011190548000	0,578211400000	0,000133226000	0,000002584000
752,000000000000	0,011189345000	0,578352830000	0,000133530000	0,000002470000
753,000000000000	0,011188781000	0,578550180000	0,000135037000	0,000002656000
754,000000000000	0,011187090000	0,578756100000	0,000136199000	0,000002470000
755,000000000000	0,011186515000	0,579002830000	0,000137623000	0,000002428000
756,000000000000	0,011182873000	0,579212830000	0,000138628000	0,000002490000
757,000000000000	0,011181984000	0,579463850000	0,000140188000	0,000002459000
758,000000000000	0,011179902000	0,579742630000	0,000141894000	0,000002407000
759,000000000000	0,011179197000	0,580087730000	0,000143402000	0,000002584000
760,000000000000	0,011174959000	0,580479970000	0,000145380000	0,000002677000
761,000000000000	0,011171349000	0,580889970000	0,000148113000	0,000002532000
762,000000000000	0,011167457000	0,581472010000	0,000149861000	0,000002418000
763,000000000000	0,011163445000	0,581991400000	0,000152708000	0,000002604000
764,000000000000	0,011159673000	0,582403030000	0,000154467000	0,000002480000
765,000000000000	0,011155868000	0,582896700000	0,000156739000	0,000002542000
766,000000000000	0,011155098000	0,583411600000	0,000157901000	0,000002770000
767,000000000000	0,011151726000	0,583809150000	0,000159754000	0,000002656000
768,000000000000	0,011148506000	0,584218950000	0,000161230000	0,000002428000
769,000000000000	0,011144961000	0,584683640000	0,000162361000	0,000002968000
770,000000000000	0,011140798000	0,585297520000	0,000164528000	0,000002189000
771,000000000000	0,011133286000	0,586001390000	0,000165522000	0,000002532000
772,000000000000	0,011128927000	0,586817310000	0,000166935000	0,000002594000
773,000000000000	0,011123095000	0,587758770000	0,000168338000	0,000002770000
774,000000000000	0,011120070000	0,588701210000	0,000169888000	0,000002407000
775,000000000000	0,011109099000	0,589549380000	0,000170914000	0,000002708000
776,000000000000	0,011103028000	0,590378970000	0,000172536000	0,000002594000
777,000000000000	0,011097413000	0,591269780000	0,000172672000	0,000002584000
778,000000000000	0,011091840000	0,592170600000	0,000174295000	0,000002646000
779,000000000000	0,011084230000	0,593097940000	0,000174881000	0,000002636000
780,000000000000	0,011079080000	0,594069980000	0,000175468000	0,000002594000
781,000000000000	0,011071405000	0,595061000000	0,000175782000	0,000002646000
782,000000000000	0,011061279000	0,596072630000	0,000176127000	0,000002542000
783,000000000000	0,011053517000	0,597102220000	0,000176682000	0,000002532000
784,000000000000	0,011044064000	0,598219000000	0,000176399000	0,000002584000
785,000000000000	0,011038914000	0,599382460000	0,000177038000	0,000002397000
786,000000000000	0,011030643000	0,600601030000	0,000177132000	0,000002573000
787,000000000000	0,011018251000	0,601799810000	0,000177875000	0,000002407000
788,000000000000	0,011011725000	0,602839810000	0,000177708000	0,000002542000
789,000000000000	0,011005079000	0,603799600000	0,000177907000	0,000002459000
790,000000000000	0,010993555000	0,604711230000	0,000177237000	0,000002615000
791,000000000000	0,010988807000	0,605606130000	0,000178179000	0,000002563000
792,000000000000	0,010985663000	0,606351020000	0,000178095000	0,000002293000
793,000000000000	0,010978096000	0,606990210000	0,000178148000	0,000002428000
794,000000000000	0,010972675000	0,607592040000	0,000178127000	0,000002739000
795,000000000000	0,010970171000	0,608170820000	0,000178221000	0,000003009000
796,000000000000	0,010965759000	0,608538190000	0,000178001000	0,000002573000
797,000000000000	0,010966127000	0,608653700000	0,000178995000	0,000002501000
798,000000000000	0,010960317000	0,608682480000	0,000177833000	0,000002563000
799,000000000000	0,010959634000	0,608659830000	0,000178116000	0,000002521000
800,000000000000	0,010960002000	0,608609010000	0,000178148000	0,000002210000
801,000000000000	0,010960393000	0,608522680000	0,000178273000	0,000002553000
802,000000000000	0,010959493000	0,608426150000	0,000178556000	0,000002750000
803,000000000000	0,010960197000	0,608325340000	0,000178137000	0,000002636000
804,000000000000	0,010963601000	0,608112450000	0,000178483000	0,000002438000
805,000000000000	0,010964013000	0,607867960000	0,000178148000	0,000002387000
806,000000000000	0,010965076000	0,607569190000	0,000177687000	0,000002532000
807,000000000000	0,010967157000	0,607348170000	0,000178420000	0,000002376000
808,000000000000	0,010966670000	0,606962040000	0,000178221000	0,000002521000
809,000000000000	0,010972025000	0,606383470000	0,000178032000	0,000002604000
810,000000000000	0,010976784000	0,605748980000	0,000178399000	0,000002563000
811,000000000000	0,010982985000	0,605056540000	0,000177959000	0,000002625000
812,000000000000	0,010987539000	0,604254290000	0,000177436000	0,000002490000
813,000000000000	0,010995095000	0,603279400000	0,000178221000	0,000002739000
814,000000000000	0,011004320000	0,602077560000	0,000178085000	0,000002563000
815,000000000000	0,011012690000	0,600834500000	0,000178168000	0,000002729000
816,000000000000	0,011023390000	0,599588990000	0,000177896000	0,000002719000
817,000000000000	0,011031857000	0,598305120000	0,000177425000	0,000002511000
818,000000000000	0,011042915000	0,596927330000	0,000178116000	0,000002563000
819,000000000000	0,011052585000	0,595548550000	0,000177383000	0,000002241000
820,000000000000	0,011062103000	0,594170800000	0,000177205000	0,000002459000
821,000000000000	0,011072803000	0,592771410000	0,000177048000	0,000002719000
822,000000000000	0,011082549000	0,591378560000	0,000176755000	0,000002636000
823,000000000000	0,011092968000	0,590002230000	0,000175803000	0,000002708000
824,000000000000	0,011104069000	0,588611620000	0,000174630000	0,000002625000
825,000000000000	0,011114075000	0,587166090000	0,000172714000	0,000002366000
826,000000000000	0,011124949000	0,585755270000	0,000170715000	0,000002791000
827,000000000000	0,011135931000	0,584412620000	0,000166935000	0,000002428000
828,000000000000	0,011145677000	0,583131190000	0,000163491000	0,000002677000
829,000000000000	0,011156887000	0,581863030000	0,000158665000	0,000002708000
830,000000000000	0,011167251000	0,580600380000	0,000154122000	0,000002438000
831,000000000000	0,011175273000	0,579415280000	0,000148249000	0,000002636000
832,000000000000	0,011184813000	0,578266710000	0,000142083000	0,000002719000
833,000000000000	0,011194527000	0,577223650000	0,000134231000	0,000002459000
834,000000000000	0,011202668000	0,576284030000	0,000126065000	0,000002470000
835,000000000000	0,011210821000	0,575486070000	0,000120245000	0,000002968000
836,000000000000	0,011217694000	0,574803620000	0,000113963000	0,000002667000
837,000000000000	0,011222182000	0,574199540000	0,000108205000	0,000002667000
838,000000000000	0,011227332000	0,573650160000	0,000104301000	0,000002501000
839,000000000000	0,011232069000	0,573196280000	0,000098993000	0,000002874000
840,000000000000	0,011235853000	0,572847910000	0,000097590000	0,000002459000
841,000000000000	0,011237804000	0,572572610000	0,000094973000	0,000002480000
842,000000000000	0,011239083000	0,572321790000	0,000094261000	0,000002656000
843,000000000000	0,011240634000	0,572093420000	0,000093225000	0,000002698000
844,000000000000	0,011242921000	0,571944040000	0,000092241000	0,000002438000
845,000000000000	0,011243778000	0,571804040000	0,000091623000	0,000002470000
846,000000000000	0,011245534000	0,571721380000	0,000091267000	0,000002542000
847,000000000000	0,011245154000	0,571655870000	0,000090712000	0,000002553000
848,000000000000	0,011245989000	0,571565060000	0,000091173000	0,000002459000
849,000000000000	0,011246499000	0,571495260000	0,000090586000	0,000002698000
850,000000000000	0,011246217000	0,571443020000	0,000090157000	0,000002470000
851,000000000000	0,011245924000	0,571413220000	0,000090503000	0,000002449000
852,000000000000	0,011247702000	0,571393430000	0,000089885000	0,000002511000
853,000000000000	0,011247388000	0,571374240000	0,000090817000	0,000002750000
854,000000000000	0,011247409000	0,571332610000	0,000089739000	0,000002874000
855,000000000000	0,011247529000	0,571175670000	0,000090157000	0,000002646000
856,000000000000	0,011250206000	0,570962610000	0,000089540000	0,000002719000
857,000000000000	0,011253177000	0,570726490000	0,000089121000	0,000002418000
858,000000000000	0,011253946000	0,570346690000	0,000088304000	0,000002428000
859,000000000000	0,011257958000	0,569950770000	0,000087299000	0,000002677000
860,000000000000	0,011260603000	0,569365470000	0,000086713000	0,000002843000
861,000000000000	0,011265622000	0,568747710000	0,000084839000	0,000002511000
862,000000000000	0,011270186000	0,568036700000	0,000083405000	0,000002636000
863,000000000000	0,011276832000	0,567284250000	0,000082599000	0,000002988000
864,000000000000	0,011283987000	0,566531600000	0,000082180000	0,000002687000
865,000000000000	0,011289483000	0,565844220000	0,000082149000	0,000002573000
866,000000000000	0,011296541000	0,565123610000	0,000081458000	0,000002636000
867,000000000000	0,011301365000	0,564413410000	0,000081447000	0,000002687000
868,000000000000	0,011305778000	0,563723000000	0,000080798000	0,000002719000
869,000000000000	0,011310548000	0,563051370000	0,000080987000	0,000002604000
870,000000000000	0,011314364000	0,562347290000	0,000080118000	0,000002480000
871,000000000000	0,011317334000	0,561688720000	0,000080474000	0,000002438000
872,000000000000	0,011321324000	0,561059740000	0,000080107000	0,000002387000
873,000000000000	0,011328587000	0,560445860000	0,000080065000	0,000002739000
874,000000000000	0,011334376000	0,559801780000	0,000079804000	0,000002366000
875,000000000000	0,011339808000	0,559157700000	0,000080023000	0,000002584000
876,000000000000	0,011347255000	0,558580970000	0,000080306000	0,000002241000
877,000000000000	0,011351462000	0,558015860000	0,000079636000	0,000002532000
878,000000000000	0,011357207000	0,557459130000	0,000079688000	0,000002501000
879,000000000000	0,011361967000	0,556877910000	0,000079887000	0,000002584000
880,000000000000	0,011368775000	0,556279340000	0,000079846000	0,000001909000
881,000000000000	0,011374618000	0,555681350000	0,000079385000	0,000002553000
882,000000000000	0,011378543000	0,555080120000	0,000079940000	0,000002667000
883,000000000000	0,011384462000	0,554440740000	0,000079584000	0,000002459000
884,000000000000	0,011390869000	0,553807270000	0,000079626000	0,000002636000
885,000000000000	0,011396636000	0,553190740000	0,000079804000	0,000002698000
886,000000000000	0,011402057000	0,552611960000	0,000080379000	0,000002542000
887,000000000000	0,011405819000	0,552069720000	0,000079846000	0,000002501000
888,000000000000	0,011411001000	0,551495840000	0,000079573000	0,000002521000
889,000000000000	0,011413852000	0,550995440000	0,000079720000	0,000002553000
890,000000000000	0,011420281000	0,550493400000	0,000079992000	0,000002750000
891,000000000000	0,011423772000	0,549958910000	0,000079416000	0,000002428000
892,000000000000	0,011426991000	0,549385440000	0,000079322000	0,000002604000
893,000000000000	0,011432889000	0,548819320000	0,000079479000	0,000002698000
894,000000000000	0,011436792000	0,548251770000	0,000079647000	0,000002501000
895,000000000000	0,011440944000	0,547624010000	0,000079783000	0,000002584000
896,000000000000	0,011450852000	0,546942790000	0,000079217000	0,000002573000
897,000000000000	0,011454593000	0,546241360000	0,000079406000	0,000002449000
898,000000000000	0,011458354000	0,545555240000	0,000079238000	0,000002438000
899,000000000000	0,011466301000	0,544868060000	0,000079793000	0,000002573000
900,000000000000	0,011471104000	0,544168260000	0,000080044000	0,000002687000
901,000000000000	0,011475570000	0,543476630000	0,000079385000	0,000002594000
902,000000000000	0,011482866000	0,542803370000	0,000079176000	0,000002625000
903,000000000000	0,011490845000	0,542059080000	0,000079458000	0,000002636000
904,000000000000	0,011494770000	0,541338880000	0,000079668000	0,000002480000
905,000000000000	0,011503215000	0,540635210000	0,000079050000	0,000002501000
906,000000000000	0,011510500000	0,539929490000	0,000079479000	0,000002542000
907,000000000000	0,011515172000	0,539263370000	0,000079626000	0,000002532000
908,000000000000	0,011520419000	0,538575820000	0,000079688000	0,000002656000
909,000000000000	0,011526827000	0,537878070000	0,000079322000	0,000002604000
910,000000000000	0,011533895000	0,537208480000	0,000078526000	0,000002667000
911,000000000000	0,011538829000	0,536580320000	0,000079280000	0,000002490000
912,000000000000	0,011543750000	0,535910930000	0,000079291000	0,000002698000
913,000000000000	0,011551588000	0,535230110000	0,000079448000	0,000002708000
914,000000000000	0,011558418000	0,534553760000	0,000079144000	0,000002656000
915,000000000000	0,011563145000	0,533887020000	0,000079469000	0,000002719000
916,000000000000	0,011569259000	0,533195600000	0,000079490000	0,000002791000
917,000000000000	0,011576816000	0,532501310000	0,000079291000	0,000002521000
